001;V1.19;3/18/2019 12:04:30 AM
UTC;'Richtungswinkel' [°];'Speed over gnd.' [kn];'SpeedThrWater' [kn];'Latitude' [°];'Latitude dir' [];'Latitude' [°];'Longitude dir' [];'MainEngine FlowRateHr' [kg/h];'MainEngine kg total HFO' [kg];'MainEngine kg total DFO' [kg];'MainEngine running Time' [min];'AuxEngine FlowRateHr' [kg/h];'AuxEngine kg total HFO' [kg];'AuxEngine kg total DFO' [kg];'AuxEngine running Time' [min];'Boiler FlowRateHr' [kg/h];'Boiler kg total HFO' [kg];'Boiler kg total DFO' [kg];'Boiler running Time' [min];'SHP-Speed' [rpm];'SHP-Torque' [kNm];'SP-Power' [kW];'Engine load' [%];'SP-Speed' [%];'SFOC' [g/kWh];'Propeller slip' [%];'Efficiency' [kg/nm]
3/18/2019 12:04:30 AM;0.0503333333333332;0.0251666666666666;2.20426666666667;3326.99156833333;S;6002.69797966668;W;0;2973594.15968226;1494620.74755832;338450.855451632;107.933864593506;360670.296441942;279574.616939131;445785.156923289;53.8351404548972;73661.9395977839;96605.2481438761;206591.186666629;0;-5.68013333333333;0;;37.5084175084175;;;73.4140583914818
3/18/2019 12:09:30 AM;0.0583333333333333;0.0291666666666666;2.29123333333333;3326.98519433331;S;6002.696586;W;0;2973594.15968226;1494620.74755832;338450.855451632;105.16015291214;360679.297087904;279574.616939131;445790.159823288;52.4614868420835;73666.3845734743;96605.2481438761;206596.189566629;0;-5.852925;0;;37.5084175084175;;;68.8138874226155
3/18/2019 12:14:30 AM;0.221333333333333;0.110666666666667;2.04666666666666;3326.98789000001;S;6002.69145333334;W;1.93911554936242;2973594.52633908;1494620.74755832;338451.022201632;109.267508983612;360688.261108572;279574.616939131;445795.162673288;64.4210078838869;73671.174815238;96605.2481438761;206601.192416629;35.1823728813559;16.3584929824561;331.269770036256;5.43065196780747;37.8787878787879;156.905706516756;161.77556314059;86.1210963347975
3/18/2019 12:19:30 AM;0.551000000000002;0.275500000000001;2.58423333333333;3326.96804166667;S;6002.6616313333;W;60.9286188465726;2973597.34007417;1494620.74755832;338454.107318299;125.421206425812;360698.08200448;279574.616939131;445800.082223287;2.10488805906928;73674.0206955451;96605.2481438761;206601.359166629;0;103.124239849624;0;7.97820662796856;39.464558629776;;;76.3186600570718
3/18/2019 12:24:30 AM;0.359999999999999;0.18;2.1103;3326.948964;S;6002.65696166667;W;74.6088828877253;2973602.43485359;1494620.74755832;338456.858884966;111.468590497971;360707.644753191;279574.616939131;445805.085106621;0;73674.0206955451;96605.2481438761;206601.359166629;40.2369827586207;122.824123357664;556.967087919031;10.2633102006467;41.8021238021238;223.162278980581;198.633772033006;90.0341858685481
3/18/2019 12:29:30 AM;0.384;0.192;2.17126666666666;3326.947365;S;6002.66406266667;W;7.97794427268916;2973606.29113775;1494620.74755832;338457.275801632;106.621280908585;360716.764094485;279574.616939131;445810.08795662;0;73674.0206955451;96605.2481438761;206601.359166629;0;9.91362156862745;0;;38.4393939393939;;;52.9408939816258
3/18/2019 12:34:30 AM;0.594000000000002;0.297000000000001;1.83593333333334;3326.93710166668;S;6002.61424566667;W;36.0578397066247;2973607.97158538;1494620.74755832;338458.943434966;105.234167575836;360725.559341804;279574.616939131;445815.090839953;25.4620069082612;73675.1740228936;96605.2481438761;206604.110716629;39.2058227848101;92.5391380952381;538.562834992871;8.82889893430936;39.6638383838384;188.495766716261;235.380853715571;90.2675999662129
3/18/2019 12:39:30 AM;1.13666666666667;0.568333333333334;3.25913333333334;3326.90543066667;S;6002.59524266666;W;100.405083136921;2973613.97584515;1494620.74755832;338463.948618299;109.752101898193;360734.642585395;279574.616939131;445820.096023287;46.9216485038121;73678.1611383157;96605.2481438761;206609.115899962;39.3373469387755;122.832562755102;505.979238548801;8.29474161555411;39.7346938775511;197.810986340909;110.260482510032;82.3518000233739
3/18/2019 12:44:30 AM;2.37633333333334;1.18816666666667;4.5329;3326.74578800001;S;6002.58166266668;W;74.9042162206336;2973621.31507089;1494620.74755832;338468.9503683;101.686205863953;360743.431255195;279574.616939131;445825.097773287;49.7176930074417;73682.1907444137;96605.2481438761;206614.117649962;39.3478172588832;98.7797411167513;407.031753228523;6.67265169227087;39.7452699584681;182.898323009046;46.9503097975853;50.5247090417031
3/18/2019 12:49:30 AM;1.984;0.992000000000001;4.57553333333334;3326.57156699999;S;6002.64809366666;W;20.6167004286788;2973625.06113118;1494620.74755832;338470.534234967;101.774994134903;360751.914788441;279574.616939131;445830.099573288;51.018403510074;73686.4030655432;96605.2481438761;206619.119449961;0;55.7490844444444;0;;39.0292207792208;;;37.7676948891847
3/18/2019 12:54:30 AM;1.013;0.506500000000001;3.5451;3326.48059666667;S;6002.746923;W;0.735611841068745;2973625.8797823;1494620.74755832;338470.617601633;101.758940219879;360760.322796598;279574.616939131;445835.101323288;51.9303400916165;73690.6675838353;96605.2481438761;206624.121199961;38.8043076923077;12.65212;388.787682718341;6.37356856915313;40.2356902356902;177.597676628185;40.7019129194361;44.0063604726662
3/18/2019 12:59:30 AM;1.40666666666666;0.703333333333332;3.7781;3326.43385300001;S;6002.83252133333;W;84.0373652882911;2973629.52559504;1494620.74755832;338475.619551634;110.165258646011;360769.302079434;279574.616939131;445840.103273289;63.644561659148;73695.5184164933;96605.2481438761;206629.123149961;39.3545177664975;108.631688832487;447.684527284602;7.33909061122299;39.7520381479773;187.228362725964;77.9498345544415;69.5998035731636
3/18/2019 1:04:30 AM;2.594;1.2991652754591;4.90839464882943;3326.36196766667;S;6003.0213;W;135.428059787705;2973636.63961034;1494620.74755832;338480.622251634;102.539749145508;360778.052137078;279574.616939131;445845.105973288;21.1035951008031;73699.0710927497;96605.2481438761;206630.873983294;45.6510810810811;154.6077;804.376129954628;13.1864939336824;46.1122031122031;183.376954133223;50.5955711538155;52.2896113595557
3/18/2019 1:09:30 AM;5.47566666666667;2.73783333333333;7.71923333333333;3326.21179400001;S;6003.36799833333;W;499.951230022745;2973664.09903179;1494620.74755832;338485.625068301;103.800988197327;360786.637131652;279574.616939131;445850.108789954;0;73699.0710927497;96605.2481438761;206630.873983294;70.1845714285714;360.491600857143;2661.09996366126;43.6245895682174;70.8935064935065;190.361093132496;55.8346901338236;79.637196228838
3/18/2019 1:14:30 AM;8.32933333333334;4.16466666666667;11.2682333333333;3325.90004233333;S;6003.97687566667;W;613.772934506972;2973711.84990148;1494620.74755832;338490.627901635;105.380154848099;360795.419844548;279574.616939131;445855.111623288;0;73699.0710927497;96605.2481438761;206630.873983294;79.2778337531487;407.199694206549;3380.25404133425;55.4140006776106;80.0786199526754;181.703463266898;18.6340984244483;64.1022335400366
3/18/2019 1:19:30 AM;9.16333333333332;4.58166666666666;12.4046333333333;3325.37048066667;S;6004.57951599999;W;634.084461788672;2973764.06849358;1494620.74755832;338495.635934968;104.563316702843;360804.174254591;279574.616939131;445860.119673288;0;73699.0710927497;96605.2481438761;206630.873983294;79.4584382871536;421.958531989925;3510.46682326635;57.5486364469894;80.2610487749026;180.609675765002;7.63409699696409;59.5726234275422
3/18/2019 1:24:30 AM;9.765;4.8825;12.5050666666667;3324.64260233334;S;6004.92971366667;W;622.054310312697;2973816.07669723;1494620.74755832;338500.644168302;100.288141965866;360812.678882368;279574.616939131;445865.127889956;0;73699.0710927497;96605.2481438761;206630.873983294;79.6439097744362;416.306549122807;3471.50306692723;56.9098863430693;80.4483937115516;179.139086289055;6.99065936031178;57.7758621396443
3/18/2019 1:29:30 AM;10.1746666666666;5.08733333333332;13.1896333333333;3323.81747533334;S;6005.09273733333;W;583.780920693746;2973867.90171678;1494620.74755832;338505.646384969;103.469256162643;360821.149709357;279574.616939131;445870.130106623;0;73699.0710927497;96605.2481438761;206630.873983294;79.6813567839196;391.881648743718;3268.78618731651;53.5866588084674;80.4862189736562;178.343964338281;1.51066672343318;52.1443291974329
3/18/2019 1:34:30 AM;9.55566666666671;4.77783333333335;12.9045666666667;3323.04609166666;S;6005.40904799999;W;562.306838864975;2973914.12186071;1494620.74755832;338510.648251636;102.617173790932;360829.778387031;279574.616939131;445875.131989956;0;73699.0710927497;96605.2481438761;206630.873983294;79.8595500000001;380.850301;3184.83272507829;52.2103725422671;80.6662121212121;176.539807905908;3.96875068872998;51.5452462065357
3/18/2019 1:39:30 AM;9.36533333333336;4.68266666666668;12.6019333333333;3322.45571633333;S;6006.02025666665;W;606.554747583606;2973962.37926247;1494620.74755832;338515.651651636;100.510012507439;360838.263287942;279574.616939131;445880.13537329;0;73699.0710927497;96605.2481438761;206630.873983294;79.5946733668341;407.416322110552;3394.91021075011;55.6542657500017;80.3986599664991;178.610584574929;6.13319390895551;56.1516224963359
3/18/2019 1:44:30 AM;9.67766666666668;4.83883333333334;12.7902333333333;3321.99009699999;S;6006.77689366666;W;631.238792853944;2974014.72239128;1494620.74755832;338520.655768303;100.950813889503;360846.636952628;279574.616939131;445885.139506624;0;73699.0710927497;96605.2481438761;206630.873983294;79.44;423.77724836272;3524.76090640758;57.7829656788127;80.2424242424243;179.131029945998;4.32755076405619;57.2584222263289
3/18/2019 1:49:30 AM;9.93266666666666;4.96633333333333;13.0470666666667;3321.720794;S;6007.69452600001;W;607.655391872415;2974067.19596411;1494620.74755832;338525.667601636;100.576466917992;360855.039542391;279574.616939131;445890.151339957;0;73699.0710927497;96605.2481438761;206630.873983294;79.7714285714284;406.159202005013;3392.32580525644;55.6118984468269;80.5772005772006;179.338240770588;2.71488175309711;54.2872616149618
3/18/2019 1:54:30 AM;10.0426666666667;5.02971619365611;13.1332441471572;3321.50839766667;S;6008.661509;W;517.027571837794;2974113.27571029;1494620.74755832;338530.669951637;97.0832419395447;360863.252951766;279574.616939131;445895.15367329;0;73699.0710927497;96605.2481438761;206630.873983294;79.86345;351.129883;2936.37561098893;48.1373050981792;80.6701515151515;176.130344416663;2.16080467297212;46.7661240756147
3/18/2019 1:59:30 AM;9.53700000000001;4.76850000000001;12.5752333333333;3321.19428866667;S;6009.54060233333;W;603.13005120646;2974159.7140509;1494620.74755832;338535.677601637;101.144662499428;360871.517510668;279574.616939131;445900.16132329;0;73699.0710927497;96605.2481438761;206630.873983294;79.7751879699247;405.884719548872;3390.33344882534;55.5792368659892;80.580997949419;177.834715510197;6.64895683729121;56.0671885429904
3/18/2019 2:04:30 AM;9.63800000000001;4.819;12.7018;3320.551277;S;6010.04505366667;W;619.622027175651;2974210.82210042;1494620.74755832;338540.60763497;98.0324737096237;360879.819222324;279574.616939131;445905.091356624;0;73699.0710927497;96605.2481438761;206630.873983294;79.6650753768843;414.362783919598;3456.25142922698;56.6598594955242;80.469773107964;179.306639985026;5.40372519931334;56.5263920968563
3/18/2019 2:09:30 AM;9.96566666666666;4.98283333333333;12.9740666666667;3319.77705433333;S;6010.35167933334;W;562.192258554273;2974259.95346985;1494620.74755832;338545.609351637;100.450594425201;360888.036504709;279574.616939131;445910.09307329;0;73699.0710927497;96605.2481438761;206630.873983294;79.88685;377.639392;3159.0211938022;51.7872326852821;80.6937878787879;177.755542304278;3.46929581321376;51.0830690719655
3/18/2019 2:14:30 AM;9.7873333333333;4.89366666666665;12.7765;3319.046844;S;6010.78844266668;W;541.753347299772;2974304.71797959;1494620.74755832;338550.61543497;98.5682809352875;360896.268764579;279574.616939131;445915.099173291;0;73699.0710927497;96605.2481438761;206630.873983294;79.85445;366.35342575;3063.30824436696;50.218167940442;80.6610606060607;176.891052802784;5.03010138744605;50.1635388999215
3/18/2019 2:19:30 AM;9.71466666666667;4.85733333333334;12.8342333333333;3318.408481;S;6011.37068766667;W;608.155786861219;2974353.42687855;1494620.74755832;338555.625718304;99.6451306343079;360904.621204258;279574.616939131;445920.109439957;0;73699.0710927497;96605.2481438761;206630.873983294;79.7867669172932;406.649679949875;3397.27589237179;55.6930474159309;80.5926938558518;179.020694232139;4.50419832446099;55.1680600587933
3/18/2019 2:24:30 AM;9.84466666666669;4.92233333333335;13.2034;3317.88779299999;S;6012.10900633334;W;621.308241831628;2974404.97956843;1494620.74755832;338560.63693497;99.1216975450516;360912.908264059;279574.616939131;445925.120656624;0;73699.0710927497;96605.2481438761;206630.873983294;79.7416541353383;412.874431829574;3447.39843950028;56.5147285163981;80.5471253892307;180.176579124163;1.490513372373;54.5660863193952
3/18/2019 2:29:30 AM;9.89800000000005;4.94900000000003;13.2604333333334;3317.42299166666;S;6012.92132533336;W;620.372205096818;2974456.72073705;1494620.74755832;338565.638701637;100.557627081871;360921.173715517;279574.616939131;445930.122423291;0;73699.0710927497;96605.2481438761;206630.873983294;79.6285929648241;417.135249497487;3477.9728516266;57.0159483873213;80.432922186691;178.46970302172;0.879593376694942;54.3736094294598
3/18/2019 2:34:30 AM;9.99366666666667;4.99683333333333;13.4107333333333;3316.96887800001;S;6013.748641;W;621.709208993636;2974508.80568857;1494620.74755832;338570.648318304;104.180216789246;360929.833382707;279574.616939131;445935.132039958;0;73699.0710927497;96605.2481438761;206630.873983294;79.4697732997481;418.75051838791;3484.28574356923;57.1194384191677;80.2724982825738;178.406790183385;-0.416518789289353;54.1464778961826
3/18/2019 2:39:30 AM;9.99633333333333;4.99816666666667;13.2547;3316.50582833333;S;6014.57407933332;W;570.180275296812;2974559.03743506;1494620.74755832;338575.650101638;104.21960413456;360938.490824584;279574.616939131;445940.133823292;0;73699.0710927497;96605.2481438761;206630.873983294;79.8902999999999;381.974515;3195.4808768666;52.3849324076492;80.6972727272729;178.417152051964;1.26401293779664;50.8635644250387
3/18/2019 2:44:30 AM;9.82033333333336;4.91016666666668;12.8786;3316.03877666668;S;6015.38586533334;W;569.059744578759;2974605.47177199;1494620.74755832;338580.658068305;101.073977351189;360947.05190385;279574.616939131;445945.141789958;0;73699.0710927497;96605.2481438761;206630.873983294;79.85865;382.6009005;3199.38120253172;52.4488721726512;80.665303030303;178.028424070259;4.16734220731768;52.0515047017647
3/18/2019 2:49:30 AM;10.0323333333333;5.02454090150249;12.8231772575251;3315.55437866667;S;6016.18394100001;W;561.150398522273;2974653.26381484;1494620.74755832;338585.662018305;97.7673017978668;360955.356686747;279574.616939131;445950.145739959;0;73699.0710927497;96605.2481438761;206630.873983294;79.8846616541353;377.583452380952;3158.45653307447;51.7779759520405;80.6915774284195;177.77463352295;4.66563582657871;51.4046424932195
3/18/2019 2:54:30 AM;9.75466666666665;4.87733333333332;12.8903;3315.01596733334;S;6016.93279466667;W;530.643920925259;2974698.31034898;1494620.74755832;338590.665818305;100.295333862305;360963.523637451;279574.616939131;445955.149539959;0;73699.0710927497;96605.2481438761;206630.873983294;79.8702;359.95856325;3010.47960354788;49.3521246483259;80.6769696969697;176.180727697561;4.12381229418029;48.9658825577989
3/18/2019 2:59:30 AM;8.84833333333333;4.42416666666667;11.6148333333333;3314.455154;S;6017.48918033333;W;613.013436901889;2974746.08083176;1494620.74755832;338595.676818305;96.7202764749527;360971.742207176;279574.616939131;445960.160539959;0;73699.0710927497;96605.2481438761;206630.873983294;79.0575189873418;414.743522025316;3432.41252222846;56.2690577414502;79.8560797851938;178.463485658086;14.5908901267371;61.2495035428046
3/18/2019 3:04:30 AM;9.32666666666666;4.66333333333333;12.3251;3313.74972133333;S;6017.329135;W;572.085317322174;2974796.04491799;1494620.74755832;338600.599934972;98.5202756978698;360979.870988408;279574.616939131;445965.083656626;0;73699.0710927497;96605.2481438761;206630.873983294;79.8494999999999;383.99570625;3210.46476798581;52.6305699669804;80.6560606060606;178.171309177225;8.8864819226816;54.4955277956931
3/18/2019 3:09:30 AM;9.75566666666667;4.88597662771286;12.6083612040134;3313.035467;S;6016.89475466667;W;515.985613096503;2974840.3418178;1494620.74755832;338605.601851639;96.8193125724792;360987.945982191;279574.616939131;445970.085573293;0;73699.0710927497;96605.2481438761;206630.873983294;79.8715789473683;351.636876190476;2940.91926281898;48.2117911937538;80.6783625730994;175.502919049092;6.42500082069654;48.6026934973071
3/18/2019 3:14:30 AM;8.901;4.4505;11.8508333333333;3312.31606900001;S;6016.63843066669;W;562.247604170609;2974884.19143423;1494620.74755832;338610.60630164;101.819393634796;360996.135250493;279574.616939131;445975.090023293;0;73699.0710927497;96605.2481438761;206630.873983294;79.6667669172932;377.312371428572;3146.56397095038;51.5830159172194;80.4714817346396;178.409862715299;13.0926351499652;56.3640680468478
3/18/2019 3:19:30 AM;9.17066666666665;4.58533333333332;11.7500666666667;3311.679029;S;6017.00075266666;W;541.423634964389;2974931.08492991;1494620.74755832;338615.608784973;101.466994285583;361004.669233621;279574.616939131;445980.092506627;0;73699.0710927497;96605.2481438761;206630.873983294;79.8772932330826;366.46242481203;3065.15001725053;50.2483609385332;80.6841345788714;176.698636786833;14.2350777822187;54.7504375950562
3/18/2019 3:24:30 AM;9.68499999999994;4.84249999999997;12.5056333333333;3311.13953033333;S;6017.69156399999;W;532.520859250058;2974975.78586744;1494620.74755832;338620.612268307;93.7349098920822;361012.869982411;279574.616939131;445985.095989961;0;73699.0710927497;96605.2481438761;206630.873983294;79.8808499999999;360.945078;3019.10570797929;49.4935361963818;80.6877272727273;176.262402267002;7.34056214375475;50.0992278406095
3/18/2019 3:29:30 AM;9.50666666666667;4.75333333333333;12.1528333333333;3310.67124133334;S;6018.45429233333;W;535.690660809959;2975019.89211722;1494620.74755832;338625.616734974;101.300840377808;361021.037770983;279574.616939131;445990.100456628;0;73699.0710927497;96605.2481438761;206630.873983294;79.8356390977443;366.155911528822;3060.90173523576;50.178716971078;80.6420596946913;175.192621133073;10.3712210817875;52.4272765668075
3/18/2019 3:34:30 AM;9.61399999999997;4.80699999999998;12.3723666666667;3310.55439833333;S;6019.35784366666;W;574.852296307198;2975067.22596657;1494620.74755832;338630.618468308;98.0702269077301;361029.251355851;279574.616939131;445995.102189961;0;73699.0710927497;96605.2481438761;206630.873983294;79.8887999999999;385.076942249999;3221.31734807033;52.8084811159071;80.6957575757576;178.082156212967;8.55978084806652;54.4223660920843
3/18/2019 3:39:30 AM;9.81533333333337;4.90766666666669;12.7860333333333;3310.747558;S;6020.29251933332;W;536.9899935473;2975113.41028619;1494620.74755832;338635.626684975;95.5593055486679;361037.364558257;279574.616939131;446000.110406628;0;73699.0710927497;96605.2481438761;206630.873983294;79.8744;362.61716725;3032.86206116549;49.7190501830409;80.6812121212121;177.057768486165;4.94460259158401;49.4816703875264
3/18/2019 3:44:30 AM;9.79366666666668;4.89683333333334;12.6341333333333;3310.94004400001;S;6021.23602466667;W;530.813993678457;2975157.88486587;1494620.74755832;338640.628434975;96.4224350452423;361045.366869757;279574.616939131;446005.112156628;0;73699.0710927497;96605.2481438761;206630.873983294;79.8714285714286;360.163501253133;3012.22593608453;49.380753050566;80.6782106782107;176.134081158289;6.23196073237175;49.6501231889382
3/18/2019 3:49:30 AM;9.67799999999998;4.83899999999999;12.0956333333334;3311.05583133334;S;6022.18149433334;W;606.432218508944;2975204.27185913;1494620.74755832;338645.634551642;103.932838439941;361053.720566343;279574.616939131;446010.118273295;0;73699.0710927497;96605.2481438761;206630.873983294;79.4799497487437;407.042163819096;3386.73472809727;55.5202414442176;80.2827775239836;178.93586770254;10.4616886026197;58.8468419296494
3/18/2019 3:54:30 AM;9.68866666666671;4.84433333333336;12.1179;3310.624549;S;6022.83971833332;W;593.441792427176;2975256.35901941;1494620.74755832;338650.636434976;102.30621099472;361062.410520591;279574.616939131;446015.120173296;0;73699.0710927497;96605.2481438761;206630.873983294;79.4461964735515;396.797058186398;3299.38863479768;54.0883382753717;80.2486833066179;179.510381532818;10.3217543284214;57.6743773410166
3/18/2019 3:59:30 AM;9.79100000000003;4.90367278797998;12.6399331103679;3309.83136600001;S;6023.04474566667;W;527.947170666354;2975302.58500616;1494620.74755832;338655.645801643;102.790580391884;361070.906884635;279574.616939131;446020.129523296;0;73699.0710927497;96605.2481438761;206630.873983294;79.8796499999999;356.93257275;2985.53095125231;48.9431303483986;80.6865151515152;176.788500143108;6.17171376912594;49.8962477216149
3/18/2019 4:04:30 AM;9.3616666666667;4.68083333333335;12.2460333333333;3309.138191;S;6023.45445699998;W;542.612028994587;2975347.01309322;1494620.74755832;338660.653184976;99.854798913002;361079.36786115;279574.616939131;446025.136923296;0;73699.0710927497;96605.2481438761;206630.873983294;79.8691729323308;365.181380701754;3054.1233438184;50.0675958003016;80.6759322548796;177.639744773664;9.59408378475448;52.4928467045619
3/18/2019 4:09:30 AM;9.23600000000003;4.61800000000002;12.2027;3308.68387433333;S;6024.17440299999;W;571.445568388748;2975392.41280348;1494620.74755832;338665.655251643;107.029173374176;361088.02632509;279574.616939131;446030.138973297;0;73699.0710927497;96605.2481438761;206630.873983294;79.85085;383.6904305;3208.15587474806;52.592719258165;80.6574242424243;178.113823082097;9.96982841718441;55.5881667884459
3/18/2019 4:14:30 AM;9.17999999999994;4.58999999999997;12.4519;3308.55468666667;S;6025.06204433334;W;608.028601967798;2975441.57710315;1494620.74755832;338670.657118311;110.945886969566;361097.052993294;279574.616939131;446035.140839964;0;73699.0710927497;96605.2481438761;206630.873983294;79.6629648241206;407.162273366834;3395.91863701201;55.6707973280657;80.4676412364854;178.81654743144;7.49003241684499;57.7458009032122
3/18/2019 4:19:30 AM;9.388;4.694;12.6392;3308.71351933333;S;6025.95520766666;W;637.231231100177;2975494.44689301;1494620.74755832;338675.660201645;107.371859550476;361106.249586165;279574.616939131;446040.143923298;0;73699.0710927497;96605.2481438761;206630.873983294;79.5486934673366;425.12405;3541.45366250639;58.0566174181374;80.3522156235724;180.333863736802;5.7164766153976;58.918174063904
3/18/2019 4:24:30 AM;9.25266666666664;4.62633333333332;12.5880333333333;3308.90097433334;S;6026.85873600001;W;463.124993547826;2975542.14720817;1494620.74755832;338680.663068312;99.5001071691513;361114.77749781;279574.616939131;446045.146789965;0;73699.0710927497;96605.2481438761;206630.873983294;71.2875213675213;344.66747037037;2636.33562623839;43.2186168235802;72.0075973409306;199.352981984078;-6.63705187939389;44.5606746882384
3/18/2019 4:29:30 AM;7.10433333333333;3.55216666666667;10.2016666666667;3308.85176700001;S;6027.66254300001;W;51.1833538418254;2975561.00207907;1494620.74755832;338685.590084978;102.47545838356;361123.280076623;279574.616939131;446050.157489965;0;73699.0710927497;96605.2481438761;206630.873983294;40.4884158415842;69.0014514851485;292.587572075322;4.79651757500528;40.8973897389739;176.52974471892;-32.6723607021981;15.2491051163432
3/18/2019 4:34:30 AM;5.25066666666667;2.62533333333334;8.06396666666665;3308.67946066666;S;6028.21575;W;51.4876338581097;2975565.44029579;1494620.74755832;338690.508468312;100.013641119003;361131.642221619;279574.616939131;446055.159239965;0;73699.0710927497;96605.2481438761;206630.873983294;40.496157635468;74.8671857142857;317.479637431205;5.20458422018369;40.905209732796;161.190827508815;-15.357310175574;18.8598775066185
3/18/2019 4:39:30 AM;4.34999999999998;2.17499999999999;7.25706666666666;3308.45805200001;S;6028.60010433334;W;60.5438557422492;2975570.0628826;1494620.74755832;338695.350568312;99.3460978491832;361139.922932482;279574.616939131;446060.085306632;0;73699.0710927497;96605.2481438761;206630.873983294;40.5088669950739;78.6123;333.459172003391;5.46654380333428;40.9180474697717;181.65669465464;-6.19115401116855;22.0529468425453
3/18/2019 4:44:30 AM;3.81633333333335;1.90816666666667;6.75633333333333;3308.265176;S;6028.927556;W;61.9567417310839;2975575.08197034;1494620.74755832;338700.192184978;99.7737836837769;361148.132832456;279574.616939131;446065.093856632;0;73699.0710927497;96605.2481438761;206630.873983294;40.5044554455446;83.2638094059406;353.149120517503;5.78932984454924;40.913591359136;176.089885606849;0.778432591539295;23.9712348070264
3/18/2019 4:49:30 AM;3.60500000000001;1.8025;6.4318;3308.10986;S;6029.240657;W;74.1786592546068;2975580.80140222;1494620.74755832;338705.194018312;99.3568646907806;361156.431974206;279574.616939131;446070.095689965;2.60254532532985;73700.0394631722;96605.2481438761;206631.124066628;40.4997044334976;93.2140857142857;395.312392185332;6.48053101943168;40.9087923570683;188.93422679028;5.7655488262432;27.3937304352303
3/18/2019 4:54:30 AM;3.52566666666667;1.76283333333333;6.3288;3307.93803833333;S;6029.52404033332;W;78.7784189977139;2975587.27870153;1494620.74755832;338710.203701646;98.2669562101364;361164.778908513;279574.616939131;446075.105389966;46.9399262016514;73702.078074683;96605.2481438761;206636.133766628;40.512118226601;92.4274;392.078979384986;6.42752425221289;40.9213315420212;201.063029997737;7.56144319905437;35.4033020563431
3/18/2019 4:59:30 AM;2.97566666666666;1.48783333333333;5.81530000000001;3307.73390566037;S;6029.74666448391;W;16.1953532111812;2975591.26800742;1494620.74755832;338711.370784979;99.8912072181702;361173.009952418;279574.616939131;446080.107106633;50.2962076040392;73706.1426662068;96605.2481438761;206641.135499961;0;27.4496756756757;0;;39.4181818181818;;;28.4636900508449
3/18/2019 5:04:30 AM;1.61133333333333;0.805666666666665;4.64033333333334;3307.57714288889;S;6029.85801366668;W;0;2975591.26800742;1494620.74755832;338711.370784979;100.496787428856;361181.401213515;279574.616939131;446085.113139966;51.929565676241;73710.4189525394;96605.2481438761;206646.141516627;0;-22.9435916666667;0;;39.4181818181818;;;32.8758501005017
3/18/2019 5:09:30 AM;1.00633333333333;0.503166666666666;3.94803333333334;3307.50215288889;S;6029.93118777777;W;27.774949454214;2975593.04723989;1494620.74755832;338713.124501646;99.6061259508133;361189.579199552;279574.616939131;446090.125089966;52.2648410356449;73714.7760383003;96605.2481438761;206651.153466627;0;68.8430074468085;0;;39.6214605067064;;;45.6417086607197
3/18/2019 5:14:30 AM;0.374;0.187;2.63856666666667;3307.47784811111;S;6029.98015277778;W;0;2975593.04723989;1494620.74755832;338713.124501646;103.249672651291;361198.171914414;279574.616939131;446095.137056633;58.2444888564527;73719.217691799;96605.2481438761;206656.16544996;0;0.7115875;0;;39.6214605067064;;;63.8930180719521
3/18/2019 5:19:30 AM;0.566;0.283;2.23393333333334;3307.51336377778;S;6029.95830355556;W;59.9283288228976;2975596.83115693;1494620.74755832;338716.12558498;106.688470244408;361206.918432917;279574.616939131;446100.139956634;70.7542654492686;73724.7873095913;96605.2481438761;206661.16834996;39.1352727272728;111.335319148936;477.079366206411;7.82097321649854;39.517595307918;218.634222050883;108.10663386043;107.649387613664
3/18/2019 5:24:30 AM;1.27233333333334;0.636166666666668;3.98733333333334;3307.47700566666;S;6029.98858511111;W;77.5455812618936;2975602.58694384;1494620.74755832;338721.130051647;105.021854639053;361215.795660903;279574.616939131;446105.144423301;31.5333589156393;73729.1250873918;96605.2481438761;206663.669216627;39.1548979591837;108.108789285714;443.247625430678;7.26635451525702;39.5504019789735;174.8418793494;65.8042254475528;54.6476418775093
3/18/2019 5:29:30 AM;2.21633333333333;1.11001669449082;5.07153846153846;3307.35217;S;6030.08267288889;W;69.8328371574081;2975608.58291672;1494620.74755832;338726.131818314;102.181066274643;361224.408622154;279574.616939131;446110.146189968;0;73729.1250873918;96605.2481438761;206663.669216627;39.1444897959184;98.051737244898;401.900260511108;6.58852886083782;39.5398886827459;173.810391421009;30.1670547785468;34.0769093558283
3/18/2019 5:34:30 AM;2.90833333333333;1.45416666666666;5.61803333333334;3307.16339233333;S;6030.200439;W;163.153052658281;2975615.43271254;1494620.74755832;338731.142951647;99.275581240654;361232.743424281;279574.616939131;446115.157323301;0;73729.1250873918;96605.2481438761;206663.669216627;49.1343829787234;179.465636170213;1037.2150362504;17.0035251844328;49.6306898774984;174.62845126715;38.9492250183;45.4205038616879
3/18/2019 5:39:30 AM;5.824;2.912;8.50239999999999;3306.84524511111;S;6030.3881248889;W;523.79155543554;2975646.79667143;1494620.74755832;338736.149784981;102.087541222572;361241.171842238;279574.616939131;446120.164156635;0;73729.1250873918;96605.2481438761;206663.669216627;72.6120661157025;366.536744077135;2791.14183837492;45.7564235799168;73.3455213289923;188.305252894067;44.5188621939301;74.1237660982828
3/18/2019 5:44:30 AM;8.49466666666666;4.24733333333333;11.2665;3306.29753022222;S;6030.72408711113;W;628.734119769853;2975694.57894757;1494620.74755832;338741.069018314;95.6421290413808;361249.290780365;279574.616939131;446125.083389968;0;73729.1250873918;96605.2481438761;206663.669216627;78.1558461538462;422.381906666667;3457.41808464495;56.6789849941795;78.945299145299;181.730527717757;17.034567418474;64.466135304546
3/18/2019 5:49:30 AM;9.40266666666666;4.70133333333333;12.6420333333334;3305.59143344445;S;6031.05000966667;W;627.179712908226;2975747.15934276;1494620.74755832;338746.082534981;97.4976414442062;361257.364718249;279574.616939131;446130.096906635;0;73729.1250873918;96605.2481438761;206663.669216627;79.1134848484848;423.069019191919;3504.23427420421;57.4464635115445;79.9126109580655;179.128389297632;5.14345555838118;57.3542792037872
3/18/2019 5:54:30 AM;9.62533333333328;4.81266666666664;12.9160666666667;3304.87774666667;S;6031.45798855554;W;615.401724524095;2975798.88922182;1494620.74755832;338751.093534981;95.4030901193619;361265.437017225;279574.616939131;446135.107923301;0;73729.1250873918;96605.2481438761;206663.669216627;79.6258793969849;415.193510050251;3461.54469928848;56.7466344145652;80.4301812090757;177.805391044493;3.54078303766711;55.0409793114322
3/18/2019 5:59:30 AM;9.34600000000001;4.673;13.0099666666667;3304.24104988889;S;6032.02514933333;W;628.145768878308;2975850.74621332;1494620.74755832;338756.106218314;97.0251971483231;361273.458609203;279574.616939131;446140.120589968;0;73729.1250873918;96605.2481438761;206663.669216627;79.7466165413534;422.3531;3526.7363874281;57.8153506135754;80.552137920559;178.199048645919;3.04517492092089;55.7910517486193
3/18/2019 6:04:30 AM;9.51499999999999;4.7575;12.4256;3303.70737677778;S;6032.69181911112;W;622.8737768366;2975902.8633969;1494620.74755832;338761.116684981;100.661450028419;361281.611764984;279574.616939131;446145.131056634;0;73729.1250873918;96605.2481438761;206663.669216627;79.296725440806;420.265165743073;3488.88562498953;57.1948463113037;80.0977024654606;178.490019536959;7.24784545061369;58.2459124171311
3/18/2019 6:09:30 AM;10.1583333333333;5.07916666666665;13.1589;3303.21961555556;S;6033.48389977778;W;638.295462712194;2975955.7256586;1494620.74755832;338766.124518314;101.013303995132;361290.092102511;279574.616939131;446150.138889968;0;73729.1250873918;96605.2481438761;206663.669216627;79.2731486146096;430.303241813602;3571.63875488415;58.5514549981008;80.0738874895047;178.721193241922;1.3054257584942;56.2018398310735
3/18/2019 6:14:30 AM;10.0673333333333;5.03366666666666;13.5964333333333;3302.65310711111;S;6034.22500855556;W;634.15924700378;2976008.77660526;1494620.74755832;338771.128634981;97.8012478351593;361298.45856872;279574.616939131;446155.143006635;0;73729.1250873918;96605.2481438761;206663.669216627;78.7905076142132;427.473123604061;3526.52519773877;57.8118884875208;79.5863713274881;179.832841738443;-2.6525687259586;53.8381630167836
3/18/2019 6:19:30 AM;9.96300000000003;4.98150000000002;13.6394666666667;3301.9786811111;S;6034.80577011111;W;595.658911031338;2976060.5232344;1494620.74755832;338776.131901648;101.493583917618;361306.721112123;279574.616939131;446160.146273302;0;73729.1250873918;96605.2481438761;206663.669216627;79.7733834586466;401.145007518797;3350.62527254366;54.9282831564535;80.5791752107543;177.933176879044;-1.73041555996163;51.113135100328
3/18/2019 6:24:30 AM;9.7173333333333;4.86677796327211;13.1848829431438;3301.32034922223;S;6035.38754522222;W;560.019608194101;2976108.39411259;1494620.74755832;338781.138401648;97.0655357837677;361315.030248881;279574.616939131;446165.152773302;0;73729.1250873918;96605.2481438761;206663.669216627;79.8809022556391;376.522088721804;3149.43133004763;51.6300218040596;80.6877800562012;178.010742681344;1.84543619154286;49.8449152982805
3/18/2019 6:29:30 AM;9.67833333333333;4.83916666666666;12.7520333333333;3300.66605611112;S;6035.95860955556;W;539.510278706823;2976153.6974775;1494620.74755832;338786.140501649;98.1883996725082;361323.172822136;279574.616939131;446170.154873302;0;73729.1250873918;96605.2481438761;206663.669216627;79.86255;364.3326115;3046.75992200183;49.9468839672431;80.6692424242425;177.131773363948;5.24306879103167;50.0308811108647
3/18/2019 6:34:30 AM;9.56533333333331;4.78266666666666;12.7923;3278.59761355555;S;6036.43742355556;W;573.832841079889;2976200.31348868;1494620.74755832;338791.148268315;97.1464669704437;361331.332296263;279574.616939131;446175.162639969;0;73729.1250873918;96605.2481438761;206663.669216627;79.8628571428571;387.170685213032;3237.7455690044;53.0777962131869;80.6695526695526;177.19847118932;4.87443827081287;52.443086135893
3/18/2019 6:39:30 AM;9.23766666666665;4.61883333333332;12.5753333333333;3259.25013644444;S;6036.80632466666;W;434.573321378759;2976246.1227856;1494620.74755832;338796.073584982;103.94376597162;361339.581463748;279574.616939131;446180.087956636;0;73729.1250873918;96605.2481438761;206663.669216627;70.5057060518733;333.316999135447;2545.02574172126;41.7217334708403;71.2178849008819;178.944168093791;-7.39231235817993;42.6121596068175
3/18/2019 6:44:30 AM;7.90433333333334;3.95216666666667;11.2152;3258.55214455556;S;6036.92607422222;W;255.632285253124;2976270.48742655;1494620.74755832;338801.075284982;110.858418345451;361348.47272419;279574.616939131;446185.089656636;0;73729.1250873918;96605.2481438761;206663.669216627;60.9180983606557;233.200704590164;1487.60703017026;24.3870004945945;61.5334326875311;172.02937645058;-8.73421240573019;32.6981955003816
3/18/2019 6:49:30 AM;7.21433333333329;3.60716666666665;10.3256333333333;3257.93193966667;S;6037.01419144447;W;258.036643821973;2976291.80293611;1494620.74755832;338806.083051649;109.072873592377;361357.76419066;279574.616939131;446190.097423303;0;73729.1250873918;96605.2481438761;206663.669216627;60.9257704918033;232.643733442623;1484.22691755348;24.3315888123522;61.5411823149529;174.087139602918;-0.837321495994518;35.5665182073043
3/18/2019 6:54:30 AM;7.00166666666667;3.50083333333333;9.93316666666667;3257.36502166667;S;6037.203824;W;270.648373506013;2976313.87499972;1494620.74755832;338811.084834983;104.245916604996;361366.587499586;279574.616939131;446195.099223303;0;73729.1250873918;96605.2481438761;206663.669216627;60.9214426229509;241.997906885246;1543.79037378782;25.3080389145545;61.5368107302534;175.341184682891;3.03998362744747;37.7486253501702
3/18/2019 6:59:30 AM;7.0323333333333;3.51616666666665;9.92539999999999;3256.83706177778;S;6037.49674744444;W;255.211463663755;2976336.27568094;1494620.74755832;338816.088118316;102.931106686592;361375.152198884;279574.616939131;446200.10248997;0;73729.1250873918;96605.2481438761;206663.669216627;60.9352131147541;228.398095409836;1457.32745248404;23.8906139751482;61.5507203179336;175.001726424744;3.17886831432748;36.1034170247047
3/18/2019 7:04:30 AM;6.39833333333334;3.19916666666667;9.5735;3256.37814633334;S;6037.89904655555;W;99.8349701052577;2976352.42242761;1494620.74755832;338820.839934984;102.924701571465;361383.813752247;279574.616939131;446205.104373304;0;73729.1250873918;96605.2481438761;206663.669216627;49.1184810126582;110.769281012658;648.002015803165;10.6229838656256;49.6146272855135;181.611373524238;-16.8442225512017;20.9030851260927
3/18/2019 7:09:30 AM;4.70566666666667;2.35283333333334;7.95983333333334;3256.06896922222;S;6038.29251311111;W;66.0157457573834;2976356.86304452;1494620.74755832;338825.514884983;96.610472202301;361392.225073554;279574.616939131;446210.11288997;14.5549694152067;73730.9552582407;96605.2481438761;206665.25614996;43.7025;87.2697402777778;429.949033805393;7.04834481648184;44.1439393939394;168.076847898184;-8.77081933244695;22.5438537095769
3/18/2019 7:14:30 AM;4.95100000000001;2.4755;8.01219999999999;3255.84065277778;S;6038.66462922223;W;225.932434207455;2976370.01595394;1494620.74755832;338830.51695165;109.137822389603;361400.723929292;279574.616939131;446215.114956637;48.1081622456195;73733.5435809053;96605.2481438761;206670.258233293;57.5695833333334;210.674406944444;1269.9963485137;20.8196122707165;58.1510942760942;177.96976696828;20.9040905492741;47.9358647515175
3/18/2019 7:19:30 AM;6.68666666666667;3.34333333333334;9.52709999999999;3255.55920288889;S;6039.1262438889;W;520.911756083173;2976399.60345784;1494620.74755832;338835.518768318;100.853222608566;361409.50071648;279574.616939131;446220.116773304;50.1555410799534;73737.6637249279;96605.2481438761;206675.260033293;74.022972972973;372.832927297297;2902.54814041858;47.5827564003046;74.77067977068;180.634931411852;30.6177950662446;70.5149656757004
3/18/2019 7:24:30 AM;8.83133333333336;4.41566666666668;11.7530666666667;3255.11047677778;S;6039.70300577776;W;621.282486679551;2976449.12313412;1494620.74755832;338840.521968318;101.040480136871;361417.907520394;279574.616939131;446225.119973305;52.2604704385289;73741.9304141903;96605.2481438761;206679.845233293;79.2042424242425;415.008454545455;3441.82690406633;56.4233918699397;80.0042852770126;180.448175406141;13.4164206840769;66.1070301328437
3/18/2019 7:29:30 AM;9.63566666666664;4.81783333333332;12.8246666666667;3254.4497081111;S;6040.18524622222;W;564.450888701896;2976498.85764907;1494620.74755832;338845.534651651;100.394112467766;361426.251567791;279574.616939131;446230.132656638;0;73741.9304141903;96605.2481438761;206679.845233293;79.2826700251889;380.88955743073;3162.11482463396;51.8379479448191;80.0835050759484;178.499628587023;3.902049728485;51.8760771409425
3/18/2019 7:34:30 AM;9.67740863787372;4.8467554076539;12.7926333333333;3253.71127680355;S;6040.57371365151;W;542.862033087377;2976544.19733972;1494620.74755832;338850.538618318;101.122950911522;361434.768484589;279574.616939131;446235.136623305;0;73741.9304141903;96605.2481438761;206679.845233293;79.2710606060605;367.642307828283;3051.69991508391;50.0278674603921;80.0717783899603;177.946882789748;4.10668205344029;50.3426119428479
3/18/2019 7:39:30 AM;9.71566666666662;4.85783333333331;12.7432333333333;3252.96490555555;S;6040.94110033334;W;559.437936453808;2976590.5043237;1494620.74755832;338855.543401652;104.233354926109;361443.203433504;279574.616939131;446240.141406639;0;73741.9304141903;96605.2481438761;206679.845233293;79.2707304785894;378.30231183879;3140.18261761917;51.4784035675274;80.071444927868;178.204845943424;4.52244113709104;52.0859634070457
3/18/2019 7:44:30 AM;9.61466666666662;4.80733333333331;12.8575333333333;3252.17734166668;S;6041.14256255555;W;557.553977457004;2976637.03948681;1494620.74755832;338860.555184985;96.818482875824;361451.637339754;279574.616939131;446245.153206638;0;73741.9304141903;96605.2481438761;206679.845233293;79.2668181818182;378.31454949495;3140.11141972911;51.4772363890017;80.0674931129477;177.486167290766;3.59470966408768;50.8944171648199
3/18/2019 7:49:30 AM;9.45466666666665;4.72733333333332;12.9881333333333;3251.39054844445;S;6041.27255677777;W;595.385278623798;2976685.44809322;1494620.74755832;338865.565668319;102.91129052639;361459.966290908;279574.616939131;446250.163673305;0;73741.9304141903;96605.2481438761;206679.845233293;79.2146599496222;403.235591435768;3344.72890296029;54.8316213600048;80.0148080299214;178.209133117424;2.49577535938259;53.7725201791967
3/18/2019 7:54:30 AM;9.61166666666662;4.80583333333331;13.1177;3250.61350355556;S;6041.49900555555;W;552.012463528105;2976733.04848966;1494620.74755832;338870.485518319;101.625624551611;361468.464778222;279574.616939131;446255.083539972;0;73741.9304141903;96605.2481438761;206679.845233293;79.2869696969696;375.094912373738;3114.21098581325;51.0526391116925;80.0878481787574;177.304504938542;1.56710852207698;49.8194076863808
3/18/2019 7:59:30 AM;9.60099999999995;4.80049999999997;12.9331;3249.84188466667;S;6041.75174633333;W;559.305465035291;2976778.45559177;1494620.74755832;338875.490834986;96.898148059845;361476.588689299;279574.616939131;446260.088856639;0;73741.9304141903;96605.2481438761;206679.845233293;79.2690680100755;380.122167758187;3155.18741514856;51.7243838548944;80.0697656667431;177.311946927976;2.98928104007074;50.7362845402596
3/18/2019 8:04:30 AM;9.68199999999998;4.849081803005;12.9726755852843;3249.06511944445;S;6041.99895055557;W;581.055371309252;2976826.20311268;1494620.74755832;338880.492551653;100.095865130424;361484.903168795;279574.616939131;446265.090556639;0;73741.9304141903;96605.2481438761;206679.845233293;79.2554545454546;394.891696464647;3277.2835021947;53.7259590523722;80.0560146923784;177.662607670985;2.60766222535296;52.5243393726377
3/18/2019 8:09:30 AM;9.7706666666667;4.88533333333335;13.2206333333333;3248.28006722221;S;6042.23118377779;W;582.903746996625;2976875.38120707;1494620.74755832;338885.49716832;100.352366566658;361493.227033586;279574.616939131;446270.095173306;0;73741.9304141903;96605.2481438761;206679.845233293;78.4711450381679;395.285843002544;3252.23897445672;53.3153930238806;79.2637828668363;179.442036454583;-0.255206652474331;51.6848278211769
3/18/2019 8:14:30 AM;8.117;4.0585;11.4182666666667;3247.534353;S;6042.46277099999;W;60.3541252710318;2976902.73907906;1494620.74755832;338887.24786832;101.860172152519;361501.715000465;279574.616939131;446275.096923307;0;73741.9304141903;96605.2481438761;206679.845233293;43.5413684210526;55.7239731578947;417.372003151805;6.84216398609516;43.9811802232855;;-44.7334670286709;13.5900942150423
3/18/2019 8:19:30 AM;4.77133333333333;2.38566666666667;7.67383333333334;3247.03835822223;S;6042.63942899998;W;0;2976902.73907906;1494620.74755832;338887.24786832;104.253131747246;361510.250272329;279574.616939131;446280.10820664;0;73741.9304141903;96605.2481438761;206679.845233293;0;-11.1434447761194;0;;18.8668076109937;;;13.7191833613705
3/18/2019 8:24:30 AM;2.824;1.412;5.47386666666666;3246.75225988888;S;6042.73780366668;W;0;2976902.73907906;1494620.74755832;338887.24786832;99.4223785400391;361518.763369784;279574.616939131;446285.117039973;0;73741.9304141903;96605.2481438761;206679.845233293;0;13.1372959183674;0;;18.8668076109937;;;18.3081342739412
3/18/2019 8:29:30 AM;1.67666666666667;0.838333333333334;4.1597;3246.58426144444;S;6042.802309;W;0;2976902.73907906;1494620.74755832;338887.24786832;103.273190259933;361527.231652083;279574.616939131;446290.11880664;0;73741.9304141903;96605.2481438761;206679.845233293;0;5.37617708333333;0;;18.8668076109937;;;24.8450199910402
3/18/2019 8:34:30 AM;1.13533333333333;0.567666666666666;3.52590000000001;3246.4866931111;S;6042.84734722222;W;9.86130071712578;2976904.24690716;1494620.74755832;338887.83136832;109.423561692238;361536.070597909;279574.616939131;446295.120556641;43.8083534908339;73745.9202081365;96605.2481438761;206684.513533293;0;33.7923650793651;0;;40.2848484848485;;;46.5704429655381
3/18/2019 8:39:30 AM;0.516666666666663;0.258333333333332;2.3084;3246.45092088889;S;6042.80188055554;W;11.6959746343324;2976905.12553122;1494620.74755832;338888.581651654;103.341034054756;361544.819355149;279574.616939131;446300.122389974;50.532694679776;73749.8490178024;96605.2481438761;206689.515366626;0;43.82625;0;;40.1042424242424;;;73.0132017999385
3/18/2019 8:44:30 AM;0.171333333333334;0.0856666666666671;2.2346;3246.46364322222;S;6042.79873411109;W;14.4634087064746;2976906.23938545;1494620.74755832;338889.41526832;109.86720085144;361553.914588247;279574.616939131;446305.124039975;52.7820937753286;73754.1693944259;96605.2481438761;206694.517016626;0;55.3702117647059;0;;39.4112554112554;;;79.42833203045
3/18/2019 8:49:30 AM;0.0613333333333333;0.0306666666666667;2.41803333333334;3246.47449888888;S;6042.80236599999;W;0;2976906.23938545;1494620.74755832;338889.41526832;99.8279500007629;361562.58909676;279574.616939131;446310.125906642;53.4969459280082;73758.610509489;96605.2481438761;206699.518883292;0;8.66785833333333;0;;39.4112554112554;;;63.4411985871974
3/18/2019 8:54:30 AM;0.0923333333333337;0.0461666666666669;2.57426666666667;3246.47386366667;S;6042.80550833335;W;0;2976906.23938545;1494620.74755832;338889.41526832;85.5704784393311;361570.478435769;279574.616939131;446315.127706643;62.3989233894923;73763.2762679564;96605.2481438761;206704.520699958;0;4.09372826086957;0;;39.4112554112554;;;57.5035659202967
3/18/2019 8:59:30 AM;0.00566666666666667;0.00283333333333333;2.49763333333333;3246.47491888889;S;6042.81013933336;W;0;2976906.23938545;1494620.74755832;338889.41526832;78.3376210927963;361577.17048703;279574.616939131;446320.12967331;70.944734133768;73768.9988982263;96605.2481438761;206709.522649958;0;3.42567333333333;0;;39.4112554112554;;;59.7929560083779
3/18/2019 9:04:30 AM;0;0;2.4878;3246.47481000002;S;6042.8075122222;W;0;2976906.23938545;1494620.74755832;338889.41526832;75.9602773189545;361583.565177085;279574.616939131;446325.131389977;71.9710303020865;73774.9768547646;96605.2481438761;206714.524366624;0;3.06927173913044;0;;39.4112554112554;;;59.5152982152811
3/18/2019 9:09:30 AM;0.0276666666666666;0.0138333333333333;2.48946666666666;3246.47651133333;S;6042.81160877777;W;0;2976906.23938545;1494620.74755832;338889.41526832;77.4057286977768;361589.989555873;279574.616939131;446330.133256644;28.2066198249032;73779.1894963696;96605.2481438761;206716.691816624;0;3.07255;0;;39.4112554112554;;;42.6804806582779
3/18/2019 9:14:30 AM;0.00433333333333333;0.00216666666666667;2.52936666666667;3246.47677733336;S;6042.81009944449;W;0;2976906.23938545;1494620.74755832;338889.41526832;72.9937720298767;361596.238971275;279574.616939131;446335.135039978;0;73779.1894963696;96605.2481438761;206716.691816624;0;5.58195625;0;;39.4112554112554;;;28.8806735427494
3/18/2019 9:19:30 AM;0.0163333333333333;0.00816666666666666;2.62173333333334;3246.47642144445;S;6042.80949566665;W;0;2976906.23938545;1494620.74755832;338889.41526832;74.3760877847672;361602.336628431;279574.616939131;446340.136839978;0;73779.1894963696;96605.2481438761;206716.691816624;0;0.957118367346939;0;;39.4112554112554;;;28.3638687242248
3/18/2019 9:24:30 AM;0.0506666666666665;0.0253333333333333;2.7132;3246.47570555556;S;6042.81184566667;W;0;2976906.23938545;1494620.74755832;338889.41526832;76.3981229066849;361608.650736085;279574.616939131;446345.138456645;9.47601235774906;73780.7072015769;96605.2481438761;206717.692166624;0;0.920508333333334;0;;39.4112554112554;;;31.7782652062781
3/18/2019 9:29:30 AM;0.005;0.0025;2.57076666666667;3246.47912755558;S;6042.81223600001;W;0;2976906.23938545;1494620.74755832;338889.41526832;77.8447616100311;361615.0173102;279574.616939131;446350.140206646;47.3662367459452;73783.0450510437;96605.2481438761;206722.693916624;0;0.955066666666666;0;;39.4112554112554;;;48.7019959589675
3/18/2019 9:34:30 AM;0.002;0.001;2.61656666666667;3246.47832555557;S;6042.8122021111;W;0;2976906.23938545;1494620.74755832;338889.41526832;76.0937941074371;361621.508063623;279574.616939131;446355.05863998;48.9445235750731;73787.0613133935;96605.2481438761;206727.52898329;0;0.934036734693878;0;;39.4112554112554;;;47.8099617203495
3/18/2019 9:39:30 AM;0.003;0.0015;2.52276666666667;3246.4784988889;S;6042.81367377777;W;0;2976906.23938545;1494620.74755832;338889.41526832;77.31012403965;361627.874612074;279574.616939131;446360.060306647;52.7266359296834;73791.3159871443;96605.2481438761;206732.530666623;0;0.947997916666666;0;;39.4112554112554;;;51.6066405511219
3/18/2019 9:44:30 AM;0.002;0.001;2.5501;3246.4810036667;S;6042.81058366668;W;0;2976906.23938545;1494620.74755832;338889.41526832;78.2778292894363;361634.349278715;279574.616939131;446365.062406647;53.1721469940025;73795.7379782337;96605.2481438761;206737.532749956;0;0.953495833333334;0;;39.4112554112554;;;51.5442999378144
3/18/2019 9:49:30 AM;0.00166666666666667;0.000833333333333333;2.60770000000001;3246.47885755555;S;6042.81192155552;W;0;2976906.23938545;1494620.74755832;338889.41526832;77.7050274610519;361640.850397645;279574.616939131;446370.064239981;55.1577942382471;73800.1554318837;96605.2481438761;206742.534583289;0;0.945641666666666;0;;39.4112554112554;;;50.9669873694309
3/18/2019 9:54:30 AM;0.0743333333333335;0.0371666666666667;2.50486666666667;3246.47739233333;S;6042.81470033333;W;0;2976906.23938545;1494620.74755832;338889.41526832;78.1317508220673;361647.349551858;279574.616939131;446375.065956648;64.7014758768837;73805.3126637195;96605.2481438761;206747.119499956;0;0.925573469387755;0;;39.4112554112554;;;57.1985246466797
3/18/2019 9:59:30 AM;0.0376666666666666;0.0188333333333333;2.62323333333334;3246.48064344442;S;6042.81200544441;W;0;2976906.23938545;1494620.74755832;338889.41526832;78.3311480283737;361653.907149217;279574.616939131;446380.067723315;0;73805.3126637195;96605.2481438761;206747.119499956;0;0.952710416666667;0;;39.4112554112554;;;29.8793493050014
3/18/2019 10:04:30 AM;0.005;0.0025;2.58373333333333;3246.47887455556;S;6042.81284155559;W;0;2976906.23938545;1494620.74755832;338889.41526832;77.6940017938614;361660.349959951;279574.616939131;446385.069489982;0;73805.3126637195;96605.2481438761;206747.119499956;0;0.884379166666667;0;;39.4112554112554;;;30.0784030758456
3/18/2019 10:09:30 AM;0.0796666666666669;0.0398333333333334;2.62770000000001;3246.47887500001;S;6042.8131291111;W;0;2976906.23938545;1494620.74755832;338889.41526832;78.0323588848114;361666.86603235;279574.616939131;446390.071323316;0;73805.3126637195;96605.2481438761;206747.119499956;0;0.960965306122449;0;;39.4112554112554;;;29.7057973741712
3/18/2019 10:14:30 AM;0.0423333333333332;0.0211666666666666;2.645;3246.48201811112;S;6042.81655622219;W;0;2976906.23938545;1494620.74755832;338889.41526832;79.3408745527267;361673.505278329;279574.616939131;446395.07310665;18.1400174456191;73808.711279267;96605.2481438761;206749.036849956;0;0.938572916666667;0;;39.4112554112554;;;36.7309270675294
3/18/2019 10:19:30 AM;0.000333333333333333;0.000166666666666667;2.60203333333333;3246.48268955555;S;6042.81476266669;W;0;2976906.23938545;1494620.74755832;338889.41526832;67.2937148809433;361679.62382311;279574.616939131;446400.07495665;48.8893965815706;73811.4630993917;96605.2481438761;206754.038699956;0;1.18833541666667;0;;39.4112554112554;;;44.6303065051453
3/18/2019 10:24:30 AM;0.0760000000000002;0.0380000000000001;2.55463333333334;3246.480881;S;6042.81678722221;W;0;2976906.23938545;1494620.74755832;338889.41526832;73.5536098480225;361685.468055742;279574.616939131;446405.076739984;52.2501481072341;73815.6942793984;96605.2481438761;206759.040483288;0;4.66004782608696;0;;39.4112554112554;;;49.3565245641726
3/18/2019 10:29:30 AM;0.0399999999999999;0.02;2.56353333333334;3246.48235500002;S;6042.81925477775;W;0;2976906.23938545;1494620.74755832;338889.41526832;73.2297456264496;361691.526239057;279574.616939131;446410.078573318;53.8438204826393;73820.130006715;96605.2481438761;206764.042316622;0;3.69214130434783;0;;39.4112554112554;;;49.6020583666753
3/18/2019 10:34:30 AM;0;0;2.57826666666666;3246.48250122225;S;6042.81980622224;W;0;2976906.23938545;1494620.74755832;338889.41526832;80.2903962135315;361697.868502627;279574.616939131;446415.080456652;53.9180470704072;73824.6314968569;96605.2481438761;206769.044199955;0;3.42660217391304;0;;39.4112554112554;;;52.0758728603466
3/18/2019 10:39:30 AM;0;0;2.56416666666667;3246.480742;S;6042.8207704444;W;0;2976906.23938545;1494620.74755832;338889.41526832;80.8772188425064;361704.683957976;279574.616939131;446420.082206652;62.2016865725739;73829.2709564144;96605.2481438761;206774.045949954;0;4.09208913043478;0;;39.4112554112554;;;55.7769528564287
3/18/2019 10:44:30 AM;0.00166666666666667;0.000833333333333333;2.59513333333334;3246.48121211111;S;6042.82002733331;W;0;2976906.23938545;1494620.74755832;338889.41526832;98.6157950708422;361711.965560371;279574.616939131;446425.000573319;63.3552783359858;73834.7113947942;96605.2481438761;206778.380783287;0;3.87507872340426;0;;39.4112554112554;;;62.4924282567755
3/18/2019 10:49:30 AM;0.0203333333333333;0.0101666666666667;2.6197;3246.48491755555;S;6042.81960566666;W;0;2976906.23938545;1494620.74755832;338889.41526832;96.4905005693436;361720.124127876;279574.616939131;446430.002389986;0;73834.7113947942;96605.2481438761;206778.380783287;0;-10.94006875;0;;39.4112554112554;;;36.8531722354802
3/18/2019 10:54:30 AM;0.017;0.0085;2.54393333333333;3246.48510388889;S;6042.82067711112;W;7.55596298347469;2976907.03089021;1494620.74755832;338890.165501654;101.884202957153;361728.338096169;279574.616939131;446435.004356653;0;73834.7113947942;96605.2481438761;206778.380783287;0;27.4605603174603;0;;36.2108036890646;;;43.0894066449426
3/18/2019 10:59:30 AM;0.0850000000000002;0.0425000000000001;2.57889999999999;3246.48451588889;S;6042.82101377779;W;0;2976907.03089021;1494620.74755832;338890.165501654;107.743214964867;361737.21668206;279574.616939131;446440.006039987;0;73834.7113947942;96605.2481438761;206778.380783287;0;-6.72945;0;;36.2108036890646;;;41.7720033249113
3/18/2019 11:04:30 AM;0.0113333333333333;0.00566666666666667;2.60636666666667;3246.48369711111;S;6042.82288355556;W;0;2976907.03089021;1494620.74755832;338890.165501654;101.575019359589;361746.008657059;279574.616939131;446445.007773321;36.0304169251325;73838.7510729876;96605.2481438761;206782.132083287;0;-6.73214285714286;0;;36.2108036890646;;;52.7836334467872
3/18/2019 11:09:31 AM;0.0163333333333333;0.00816666666666666;2.58573333333333;3246.48438977779;S;6042.81961099997;W;0;2976907.03089021;1494620.74755832;338890.165501654;96.8678104877472;361754.182593937;279574.616939131;446450.009473321;51.4073727240997;73842.3661981719;96605.2481438761;206787.133783287;0;-6.6964625;0;;36.2108036890646;;;57.3548559346866
3/18/2019 11:14:31 AM;0.274666666666666;0.137333333333333;2.71163333333333;3246.47689066667;S;6042.81891033331;W;0;2976907.03089021;1494620.74755832;338890.165501654;114.169625043869;361762.993385762;279574.616939131;446455.011339988;54.6499693649536;73846.8037584951;96605.2481438761;206792.135649953;0;-6.65012291666666;0;;36.2108036890646;;;62.3222349373987
3/18/2019 11:19:31 AM;0.499666666666667;0.249833333333333;2.15326666666667;3246.47432077778;S;6042.80233755554;W;0;2976907.03089021;1494620.74755832;338890.165501654;112.712624073029;361772.448314195;279574.616939131;446460.013156656;55.7722373393695;73851.4201412287;96605.2481438761;206797.13746662;0;-6.9368;0;;36.2108036890646;;;78.750944816434
3/18/2019 11:24:31 AM;1.19533333333333;0.597666666666665;2.01113333333333;3246.53688799999;S;6042.83288022224;W;142.63535442995;2976912.56834662;1494620.74755832;338893.416701654;120.678305625916;361782.195833905;279574.616939131;446465.015039989;64.6289621212241;73856.2660245734;96605.2481438761;206802.139349953;39.3565187713311;162.556153846154;595.545920619142;9.76304787900233;46.0519480519481;193.770934729182;123.559472195223;159.670644749267
3/18/2019 11:29:31 AM;3.01;1.505;5.21296666666667;3246.44472222222;S;6042.86647655554;W;389.623211751101;2976933.97048966;1494620.74755832;338898.418551654;116.554552316666;361792.180557923;279574.616939131;446470.01688999;62.0013280192671;73861.8391563252;96605.2481438761;206806.557649953;61.8443648208469;304.821078175896;2005.71808137905;32.8806242849025;62.4690553745928;205.872114006765;107.454291316594;115.164931060261
3/18/2019 11:34:31 AM;6.69833333333334;3.34916666666667;9.43506666666667;3246.03333044444;S;6042.97036655555;W;539.089327529325;2976974.74046731;1494620.74755832;338903.420384988;103.435220718384;361801.220506506;279574.616939131;446475.018723324;0;73861.8391563252;96605.2481438761;206806.557649953;72.3235654596101;376.507904735376;2875.31349950748;47.1362868771718;73.0541065248585;193.413442541222;30.4705426901584;69.2230113759097
3/18/2019 11:39:31 AM;6.724;3.36761268781302;9.83638795986622;3245.46567966666;S;6043.18835688889;W;41.7039190644456;2976998.60693003;1494620.74755832;338908.422134989;102.250102758408;361809.793193671;279574.616939131;446480.020473324;0;73861.8391563252;96605.2481438761;206806.557649953;40.5245320197044;58.8198;249.660998319346;4.09280325113681;40.9338707269742;167.590288765655;-30.4435036231093;14.6481085269867
3/18/2019 11:44:31 AM;4.98533333333332;2.49266666666666;7.51126666666666;3245.00127;S;6043.29822444445;W;55.6786981007497;2977002.36947904;1494620.74755832;338913.423968323;101.841602325439;361818.258989042;279574.616939131;446485.022306658;0;73861.8391563252;96605.2481438761;206806.557649953;40.6315270935961;77.2354142857143;328.614863399731;5.38712890819232;41.0419465591879;169.461236879886;-9.07852249455709;20.9919675231206
3/18/2019 11:49:31 AM;5.49333333333333;2.74666666666667;8.29026666666668;3244.58534555556;S;6043.34441577778;W;360.32452796733;2977017.17164714;1494620.74755832;338918.42563499;109.244803190231;361827.065954998;279574.616939131;446490.023989991;0;73861.8391563252;96605.2481438761;206806.557649953;65.2577089783281;294.778751083591;2065.62840538728;33.8627607440537;65.916877755887;178.063670581015;30.1469949379278;56.0007821108572
3/18/2019 11:54:31 AM;7.61700000000002;3.81485809682806;10.8641137123746;3244.02163066666;S;6043.35981277777;W;411.733985455115;2977056.17874744;1494620.74755832;338923.427401657;104.931725263596;361836.025142267;279574.616939131;446495.025739992;0;73861.8391563252;96605.2481438761;206806.557649953;68.9910638297873;314.975822492402;2422.09547093913;39.7064831301497;69.6879432624114;198.718137905158;2.91710830927726;48.0271059982357
3/18/2019 11:59:31 AM;5.981;2.9905;9.43973333333333;3243.44437166666;S;6043.27596955557;W;47.6489997199644;2977070.98230108;1494620.74755832;338928.345834991;102.506353855133;361844.676261697;279574.616939131;446500.027539992;0;73861.8391563252;96605.2481438761;206806.557649953;40.6026470588235;68.5062593137255;291.294254684714;4.77531565056908;41.0127748068925;162.907126580074;-27.4470638403862;16.0242446731165
3/18/2019 12:04:31 PM;4.62866666666666;2.31433333333333;8.03600000000001;3243.04806722223;S;6043.09903677778;W;132.653310126368;2977076.57885708;1494620.74755832;338933.349468324;103.486585021019;361853.22450554;279574.616939131;446505.031173326;0;73861.8391563252;96605.2481438761;206806.557649953;49.1541772151899;148.193132489452;844.634197004463;13.8464622459748;49.6506840557472;175.040872741672;-0.795424949804984;29.5871206228915
3/18/2019 12:09:31 PM;5.41533333333332;2.70766666666666;8.4533;3242.67946522222;S;6042.87749711112;W;283.937408283761;2977096.19657137;1494620.74755832;338938.351368325;107.825717926025;361861.947091638;279574.616939131;446510.033073327;0;73861.8391563252;96605.2481438761;206806.557649953;60.1762126245848;249.079015282392;1569.49732484281;25.7294643416854;60.784053156146;181.033008375132;19.638913572575;46.3552981803118
3/18/2019 12:14:31 PM;6.21233333333336;3.10616666666668;9.00343333333335;3242.24945988888;S;6042.59472877779;W;269.631424671776;2977119.69030945;1494620.74755832;338943.353101659;109.071208834648;361871.115636448;279574.616939131;446515.03480666;0;73861.8391563252;96605.2481438761;206806.557649953;60.2079069767441;239.401512956811;1509.31032584484;24.7427922269645;60.8160676532768;178.616336239531;12.3906752936541;42.0951710326763
3/18/2019 12:19:31 PM;6.24633333333335;3.12316666666668;9.06386666666669;3241.756916;S;6042.46399122222;W;254.236061135872;2977140.88200839;1494620.74755832;338948.355134993;112.075881958008;361880.286498414;279574.616939131;446520.036839994;15.4796024951758;73864.9488833675;96605.2481438761;206808.224916619;60.0502;230.510115333333;1450.25152791596;23.774615211737;60.6567676767676;175.867014931731;11.348220636875;42.0915290707317
3/18/2019 12:24:31 PM;5.72;2.86;8.717;3241.270049;S;6042.62768544444;W;61.2252091171886;2977154.41505827;1494620.74755832;338953.356934993;110.631728768349;361889.671113111;279574.616939131;446525.038639995;47.7666625094021;73867.5581976819;96605.2481438761;206813.226716619;40.9741463414634;82.2095395121951;356.226664854642;5.8397813910597;41.3880266075388;172.409838757508;-20.986082616666;25.1724194428517
3/18/2019 12:29:31 PM;4.369;2.1845;7.3387;3240.892871;S;6042.84173911111;W;24.923714004253;2977157.76371944;1494620.74755832;338955.607768327;115.266478657722;361898.905359042;279574.616939131;446530.040473329;50.9996926308609;73871.6551363395;96605.2481438761;206818.228549952;0;57.5302;0;;39.7711950970378;;;26.0122652354642
3/18/2019 12:34:31 PM;2.81233333333334;1.40616666666667;5.66;3240.65163955556;S;6043.02852800002;W;30.0693249831344;2977160.01929811;1494620.74755832;338957.775201661;108.578134775162;361908.346978189;279574.616939131;446535.042239996;59.7910456946379;73876.2696305504;96605.2481438761;206823.230316618;39.4059217877094;75.1016499999999;369.502564669579;6.05741909294391;39.8363636363637;207.817696525313;1.1803550186975;35.561791978475
3/18/2019 12:39:31 PM;2.55100000000001;1.2755;5.29976666666667;3240.47110955556;S;6043.18202511111;W;31.959597571827;2977162.62772797;1494620.74755832;338960.192668328;108.732701539993;361917.435461389;279574.616939131;446540.043956663;65.3117562610167;73881.5273225421;96605.2481438761;206828.232049952;39.0554838709677;75.8083101694915;410.342932849277;6.72693332539799;39.4499837080482;173.119914474917;21.9387771247009;38.919714512846
3/18/2019 12:44:31 PM;2.292;1.146;4.99133333333334;3240.31841277778;S;6043.33236255556;W;28.1002211957092;2977165.18050598;1494620.74755832;338962.276751661;112.123541235924;361926.767759445;279574.616939131;446545.04572333;17.203496985175;73884.9816661618;96605.2481438761;206829.565833285;0;71.3198990196078;0;;38.8293897882939;;;31.530683519074
3/18/2019 12:49:31 PM;1.65833333333333;0.829166666666667;4.13526666666668;3240.21939255555;S;6043.48235644445;W;6.33836949319589;2977166.50745993;1494620.74755832;338962.776918328;109.233976006508;361935.818311988;279574.616939131;446550.047406664;0;73884.9816661618;96605.2481438761;206829.565833285;0;27.7949533333333;0;;39.2462121212121;;;28.0655055065048
3/18/2019 12:54:31 PM;0.565333333333333;0.282666666666666;3.13246666666666;3240.18064750278;S;6043.58429367372;W;0;2977166.50745993;1494620.74755832;338962.776918328;109.705452919006;361945.065851235;279574.616939131;446555.049173331;0;73884.9816661618;96605.2481438761;206829.565833285;0;-6.13960208333333;0;;39.2462121212121;;;35.1224278591584
3/18/2019 12:59:31 PM;0.317666666666667;0.158833333333334;2.30886666666667;3240.18208533334;S;6043.58396866666;W;40.8459152179203;2977168.65654352;1494620.74755832;338964.944418328;116.645168066025;361954.332324445;279574.616939131;446560.050939998;0;73884.9816661618;96605.2481438761;206829.565833285;0;96.3467;0;;39.8389154704944;;;69.1244221145523
3/18/2019 1:04:31 PM;0.219666666666667;0.109833333333333;2.37093333333333;3240.18718799999;S;6043.60282900002;W;20.3655044124772;2977171.05501711;1494620.74755832;338966.361584995;115.150056481361;361964.030942615;279574.616939131;446565.052839998;7.90368282026919;73886.0246148074;96605.2481438761;206830.399466618;0;64.8380231707317;0;;37.6518375241779;;;60.9778200788585
3/18/2019 1:09:31 PM;0.147666666666667;0.0738333333333335;2.14813333333333;3240.19145933333;S;6043.60642000002;W;8.45085006651844;2977172.31836209;1494620.74755832;338966.945118328;119.294747114182;361973.709205905;279574.616939131;446570.054573332;46.6719639713294;73888.2709887795;96605.2481438761;206835.401199951;0;25.7120180327869;0;;37.7416267942584;;;81.5669443502393
3/18/2019 1:14:31 PM;0.163666666666667;0.0818333333333337;2.0564;3240.19446533334;S;6043.62063633333;W;7.76072814321847;2977172.91810103;1494620.74755832;338967.528668328;128.151236772537;361984.067924948;279574.616939131;446575.056323333;49.1015119928535;73892.2699404314;96605.2481438761;206840.402949951;0;30.3704916666667;0;;39.1098484848485;;;89.8854963375811
3/18/2019 1:19:31 PM;0.0936666666666671;0.0468333333333335;2.0703;3240.188938;S;6043.6217716667;W;0;2977172.91810103;1494620.74755832;338967.528668328;118.889563679695;361994.557332677;279574.616939131;446580.058256666;52.5947831062773;73896.4516973842;96605.2481438761;206845.404883284;0;-7.33107916666666;0;;39.1098484848485;;;82.9000257495327
3/18/2019 1:24:31 PM;0.0760000000000002;0.0380000000000001;2.02023333333333;3240.18491566668;S;6043.62606466667;W;0;2977172.91810103;1494620.74755832;338967.528668328;116.492432355881;362004.205967064;279574.616939131;446585.06014;60.6097926447925;73901.2197951857;96605.2481438761;206850.406766617;0;-7.33457346938775;0;;39.1098484848485;;;88.1042487596501
3/18/2019 1:29:31 PM;0;0;1.90546666666667;3240.18647566666;S;6043.62841399997;W;0;2977172.91810103;1494620.74755832;338967.528668328;120.2454829216;362014.04237501;279574.616939131;446590.062073334;64.7702227887154;73906.450389938;96605.2481438761;206855.40869995;0;-7.12687083333334;0;;39.1098484848485;;;97.1466978417699
3/18/2019 1:34:31 PM;0;0;1.91106666666666;3240.18708333334;S;6043.62747833334;W;0;2977172.91810103;1494620.74755832;338967.528668328;100.652552247047;362023.429382643;279574.616939131;446595.063823335;66.0515333480681;73911.9329952537;96605.2481438761;206860.41044995;0;8.4169347826087;0;;39.1098484848485;;;87.276404613478
3/18/2019 1:39:31 PM;0.00466666666666667;0.00233333333333333;2.0356;3240.186846;S;6043.62814033331;W;0;2977172.91810103;1494620.74755832;338967.528668328;95.5067485570908;362031.51442101;279574.616939131;446600.065590002;29.8129248301515;73915.9435874749;96605.2481438761;206862.744666616;0;6.55406304347826;0;;39.1098484848485;;;61.6572807905105
3/18/2019 1:44:31 PM;0;0;1.94033333333333;3240.18568933334;S;6043.62676500001;W;0;2977172.91810103;1494620.74755832;338967.528668328;95.378565788269;362039.468321219;279574.616939131;446605.067390002;0;73915.9435874749;96605.2481438761;206862.744666616;0;5.82505106382979;0;;39.1098484848485;;;49.1668995299024
3/18/2019 1:49:31 PM;0;0;1.90186666666667;3240.18482300004;S;6043.62760733331;W;0;2977172.91810103;1494620.74755832;338967.528668328;98.4251350164413;362047.479223282;279574.616939131;446610.069173336;0;73915.9435874749;96605.2481438761;206862.744666616;0;6.02571666666667;0;;39.1098484848485;;;51.7944444418883
3/18/2019 1:54:31 PM;0.004;0.002;1.9499;3240.18387799999;S;6043.62652799998;W;0;2977172.91810103;1494620.74755832;338967.528668328;101.494547724724;362056.016316349;279574.616939131;446615.07105667;1.85582178185543;73917.2393198499;96605.2481438761;206862.91139995;0;6.46882826086956;0;;39.1098484848485;;;53.0640418621401
3/18/2019 1:59:31 PM;0.0136666666666667;0.00683333333333334;1.95276666666667;3240.18461133332;S;6043.62719366671;W;0;2977172.91810103;1494620.74755832;338967.528668328;92.495448589325;362063.990990621;279574.616939131;446620.072806671;46.509700348086;73919.2383460496;96605.2481438761;206867.913149949;0;7.62903617021276;0;;39.1098484848485;;;71.2734691335133
3/18/2019 2:04:31 PM;0;0;1.93553333333333;3240.18601266666;S;6043.62763933333;W;0;2977172.91810103;1494620.74755832;338967.528668328;91.0547268390656;362071.564630634;279574.616939131;446625.074573338;50.0007681416786;73923.2487010402;96605.2481438761;206872.914916616;0;7.22740416666667;0;;39.1098484848485;;;72.8768122245954
3/18/2019 2:09:31 PM;0;0;1.95763333333333;3240.18612766667;S;6043.62791066663;W;0;2977172.91810103;1494620.74755832;338967.528668328;97.3698198795319;362079.288033407;279574.616939131;446630.076373338;52.5091631699068;73927.5377187988;96605.2481438761;206877.916716615;0;7.81467142857143;0;;39.1098484848485;;;76.6186870717462
3/18/2019 2:14:31 PM;0;0;1.9914;3240.18491566666;S;6043.62735966665;W;0;2977172.91810103;1494620.74755832;338967.528668328;103.747220635414;362087.578596769;279574.616939131;446635.078206672;53.3561727408134;73931.9592331951;96605.2481438761;206882.918549949;0;7.78112291666667;0;;39.1098484848485;;;78.8691832296596
3/18/2019 2:19:31 PM;0.000333333333333333;0.000166666666666667;1.97003333333333;3240.18423000002;S;6043.62717266669;W;0;2977172.91810103;1494620.74755832;338967.528668328;100.893759727478;362096.440077389;279574.616939131;446640.080040006;52.4958840301629;73936.3855684775;96605.2481438761;206887.920383282;0;7.77248333333334;0;;39.1098484848485;;;77.8939445501603
3/18/2019 2:24:31 PM;0;0;2.0212;3240.18532633335;S;6043.62642233332;W;0;2977172.91810103;1494620.74755832;338967.528668328;104.203407168388;362105.00136202;279574.616939131;446645.082823339;65.1028985211691;73941.1684488585;96605.2481438761;206892.923166615;0;7.83005918367346;0;;39.1098484848485;;;83.8237887053439
3/18/2019 2:29:31 PM;0;0;1.96703333333333;3240.18492133331;S;6043.62682266666;W;0;2977172.91810103;1494620.74755832;338967.528668328;93.1244421813448;362113.26748811;279574.616939131;446650.002290005;13.6909566790596;73944.5576175255;96605.2481438761;206894.007099948;0;7.84945416666667;0;;39.1098484848485;;;54.1417470853953
3/18/2019 2:34:31 PM;0.00133333333333333;0.000666666666666667;1.996;3240.18456999999;S;6043.62768599998;W;0;2977172.91810103;1494620.74755832;338967.528668328;89.4323605298996;362120.61818126;279574.616939131;446655.005223338;0;73944.5576175255;96605.2481438761;206894.007099948;0;7.851025;0;;39.1098484848485;;;44.8568169623911
3/18/2019 2:39:31 PM;0;0;2.09993333333334;3240.183407;S;6043.62657633333;W;0;2977172.91810103;1494620.74755832;338967.528668328;91.8042308092117;362128.219230131;279574.616939131;446660.008090004;0;73944.5576175255;96605.2481438761;206894.007099948;0;7.77876666666667;0;;39.1098484848485;;;43.7829523057011
3/18/2019 2:44:31 PM;0;0;2.01513333333333;3240.18404933333;S;6043.62621566667;W;0;2977172.91810103;1494620.74755832;338967.528668328;90.1099079847336;362135.703194675;279574.616939131;446665.01085667;6.35768598618471;73945.3819212271;96605.2481438761;206894.674133282;0;7.73542448979592;0;;39.1098484848485;;;47.8304935183706
3/18/2019 2:49:31 PM;0;0;1.89346666666667;3240.18493099999;S;6043.62629100001;W;0;2977172.91810103;1494620.74755832;338967.528668328;90.9320819377899;362143.383174709;279574.616939131;446670.013773336;47.5178249676252;73947.5932898635;96605.2481438761;206899.677049948;0;7.7520625;0;;39.1098484848485;;;73.1540336993318
3/18/2019 2:54:31 PM;0;0;1.92873333333334;3240.18464033328;S;6043.62545966663;W;0;2977172.91810103;1494620.74755832;338967.528668328;99.6434676647186;362151.216399142;279574.616939131;446675.016640002;51.2467756243398;73951.7172260531;96605.2481438761;206904.679933282;0;7.76855625;0;;39.1098484848485;;;78.3077223272254
3/18/2019 2:59:31 PM;0;0;1.96016666666666;3240.18532000002;S;6043.62565399999;W;0;2977172.91810103;1494620.74755832;338967.528668328;79.9604326486588;362158.920115393;279574.616939131;446680.019456668;54.8096887423412;73956.1141169631;96605.2481438761;206909.682733282;0;7.69541632653061;0;;39.1098484848485;;;68.8985353652888
3/18/2019 3:04:31 PM;0;0;1.95990000000001;3240.18344366668;S;6043.625263;W;0;2977172.91810103;1494620.74755832;338967.528668328;75.7800632715225;362165.157431285;279574.616939131;446685.022323335;64.6034913851718;73961.0943857324;96605.2481438761;206914.685599948;0;7.68765833333334;0;;39.1098484848485;;;71.6635415550572
3/18/2019 3:09:31 PM;0.001;0.0005;1.93006666666667;3240.18416766668;S;6043.62620533334;W;0;2977172.91810103;1494620.74755832;338967.528668328;77.2693777084351;362171.585137792;279574.616939131;446690.025190001;69.2821807270186;73966.7207351788;96605.2481438761;206919.688466615;0;7.6955125;0;;39.1098484848485;;;75.941033460334
3/18/2019 3:14:31 PM;0;0;1.92846666666667;3240.18366866669;S;6043.62566400001;W;0;2977172.91810103;1494620.74755832;338967.528668328;80.7199376821518;362178.180251587;279574.616939131;446695.028106667;69.7556428435341;73972.5373461755;96605.2481438761;206924.691383282;0;7.66645208333333;0;;39.1098484848485;;;78.0893325362642
3/18/2019 3:19:31 PM;0;0;1.93983333333334;3240.18338633332;S;6043.62632133332;W;0;2977172.91810103;1494620.74755832;338967.528668328;72.7362424135208;362184.559935241;279574.616939131;446700.030973333;69.512985601056;73978.3385790167;96605.2481438761;206929.694249948;0;7.68233673469388;0;;39.1098484848485;;;73.2901050368593
3/18/2019 3:24:31 PM;0;0;1.97509999999999;3240.182946;S;6043.62636433335;W;0;2977172.91810103;1494620.74755832;338967.528668328;73.1358218193054;362190.673614581;279574.616939131;446705.033806666;28.2119546937;73982.4848838304;96605.2481438761;206932.028933282;0;7.62246875;0;;39.1098484848485;;;51.1267573407151
3/18/2019 3:29:31 PM;0;0;1.85346666666667;3240.18386099999;S;6043.62558200004;W;0;2977172.91810103;1494620.74755832;338967.528668328;67.616708278656;362196.541309214;279574.616939131;446710.036773332;0;73982.4848838304;96605.2481438761;206932.028933282;0;7.65467083333333;0;;39.1098484848485;;;36.4780567294354
3/18/2019 3:34:31 PM;0;0;1.93723333333333;3240.18388066666;S;6043.62559899999;W;0;2977172.91810103;1494620.74755832;338967.528668328;68.2059699296951;362202.186818954;279574.616939131;446715.039656664;0;73982.4848838304;96605.2481438761;206932.028933282;0;7.6923387755102;0;;39.1098484848485;;;35.2488341320777
3/18/2019 3:39:31 PM;0;0;1.92326666666667;3240.18228133333;S;6043.62517133336;W;0;2977172.91810103;1494620.74755832;338967.528668328;71.3203471899033;362207.885688537;279574.616939131;446720.042556664;5.23202868470293;73983.789180202;96605.2481438761;206932.612583282;0;7.67980416666667;0;;39.1098484848485;;;39.6967059909823
3/18/2019 3:44:31 PM;0;0;2.03706666666667;3240.18380866669;S;6043.62718699999;W;0;2977172.91810103;1494620.74755832;338967.528668328;94.9488919973373;362215.035921457;279574.616939131;446725.045356663;46.4984790081136;73985.929190202;96605.2481438761;206937.615383281;0;7.69394166666667;0;;39.1098484848485;;;69.6242785273933
3/18/2019 3:49:31 PM;0;0;1.9952;3240.18408699999;S;6043.62622366666;W;0;2977172.91810103;1494620.74755832;338967.528668328;92.8488457202911;362222.848944991;279574.616939131;446730.048206663;49.1183023018519;73989.9186781661;96605.2481438761;206942.618233281;0;7.67233469387755;0;;39.1098484848485;;;71.1922034147493
3/18/2019 3:54:31 PM;0;0;1.95023333333333;3240.18468666669;S;6043.62540500001;W;0;2977172.91810103;1494620.74755832;338967.528668328;96.401544213295;362230.574590808;279574.616939131;446735.051073329;50.4757071889652;73994.0822813454;96605.2481438761;206947.621099948;0;7.68216041666667;0;;39.1098484848485;;;75.3139673322836
3/18/2019 3:59:31 PM;0;0;1.9823;3240.18339666664;S;6043.62614833335;W;0;2977172.91810103;1494620.74755832;338967.528668328;97.3152548074722;362238.802478634;279574.616939131;446740.053873329;50.4860531980814;73998.3056243173;96605.2481438761;206952.623899948;0;7.6908;0;;39.1098484848485;;;74.5837369948691
3/18/2019 4:04:31 PM;0;0;1.96203333333334;3240.18409366666;S;6043.62629366665;W;0;2977172.91810103;1494620.74755832;338967.528668328;95.0918126106262;362246.765905819;279574.616939131;446745.056756662;63.7970248758936;74003.0275177225;96605.2481438761;206957.626783281;0;7.54538571428571;0;;39.1098484848485;;;81.1051786087463
3/18/2019 4:09:31 PM;0;0;1.98286666666666;3240.18377433333;S;6043.62633733333;W;0;2977172.91810103;1494620.74755832;338967.528668328;97.5445282459259;362254.738421207;279574.616939131;446750.059573328;65.7914440177304;74008.4744116555;96605.2481438761;206962.629599948;0;7.55492291666667;0;;39.1098484848485;;;82.3812173353929
3/18/2019 4:14:31 PM;0.011;0.0055;1.9948;3240.18370300001;S;6043.62680499997;W;0;2977172.91810103;1494620.74755832;338967.528668328;101.033452749252;362263.060664483;279574.616939131;446755.062406661;30.3146129041009;74012.5319980862;96605.2481438761;206965.131033281;0;7.57927083333333;0;;39.1098484848485;;;65.6525288466216
3/18/2019 4:19:31 PM;0;0;1.95386666666667;3240.18388133333;S;6043.62821800003;W;0;2977172.91810103;1494620.74755832;338967.528668328;95.8396697044373;362271.314936023;279574.616939131;446760.06530666;0;74012.5319980862;96605.2481438761;206965.131033281;0;7.55000204081633;0;;39.1098484848485;;;49.095804835371
3/18/2019 4:24:31 PM;0;0;1.94066666666666;3240.18430966665;S;6043.62811633334;W;0;2977172.91810103;1494620.74755832;338967.528668328;89.5737683773041;362278.839838036;279574.616939131;446765.06825666;0;74012.5319980862;96605.2481438761;206965.131033281;0;7.64053333333333;0;;39.1098484848485;;;46.0614527011709
3/18/2019 4:29:31 PM;0.00866666666666667;0.00433333333333333;1.96483333333333;3240.18351333335;S;6043.62709766671;W;0;2977172.91810103;1494620.74755832;338967.528668328;91.1247038841248;362286.665308181;279574.616939131;446770.071139992;0;74012.5319980862;96605.2481438761;206965.131033281;0;7.65074375;0;;39.1098484848485;;;46.3773466671197
3/18/2019 4:34:31 PM;0;0;1.9298;3240.183956;S;6043.62749899998;W;0;2977172.91810103;1494620.74755832;338967.528668328;86.3858360052109;362293.943109843;279574.616939131;446775.074039992;35.0361219019485;74015.1885770464;96605.2481438761;206968.966583281;0;7.49537551020408;0;;39.1098484848485;;;62.9878934001627
3/18/2019 4:39:31 PM;0;0;1.92533333333333;3240.18485;S;6043.62670166666;W;0;2977172.91810103;1494620.74755832;338967.528668328;86.0381770133972;362301.161284104;279574.616939131;446780.076889992;47.5427074194102;74018.6195109534;96605.2481438761;206973.969433281;0;7.4410375;0;;39.1098484848485;;;69.4539326556827
3/18/2019 4:44:31 PM;0;0;2.03893333333333;3240.18502666669;S;6043.6264903333;W;0;2977172.91810103;1494620.74755832;338967.528668328;86.7925590276718;362308.393285148;279574.616939131;446785.079639991;49.5253492398911;74022.6749348154;96605.2481438761;206978.972183281;0;7.49366041666666;0;;39.1098484848485;;;66.8694670937512
3/18/2019 4:49:31 PM;0;0;1.9564;3240.18587466669;S;6043.62785766667;W;0;2977172.91810103;1494620.74755832;338967.528668328;87.9089391231537;362315.619368195;279574.616939131;446790.082539991;51.2147918918093;74026.8452235732;96605.2481438761;206983.975083281;0;7.4646;0;;39.1098484848485;;;71.1294796779269
3/18/2019 4:54:31 PM;0;0;1.94503333333334;3240.18537966667;S;6043.62650966666;W;0;2977172.91810103;1494620.74755832;338967.528668328;86.7178183794022;362322.834351347;279574.616939131;446795.085489991;61.6196999149693;74031.5617680872;96605.2481438761;206988.978033281;0;7.47844897959183;0;;39.1098484848485;;;76.3009014955485
3/18/2019 4:59:31 PM;0.002;0.001;1.9829;3240.18610333334;S;6043.62704033333;W;0;2977172.91810103;1494620.74755832;338967.528668328;86.2625241279602;362330.059168014;279574.616939131;446800.004973323;64.772989651019;74036.8151290666;96605.2481438761;206993.897533281;0;7.549425;0;;39.1098484848485;;;76.1514865407298
3/18/2019 5:04:31 PM;0;0;1.9965;3240.18305966667;S;6043.62681899999;W;0;2977172.91810103;1494620.74755832;338967.528668328;90.3551638126373;362337.342809583;279574.616939131;446805.007873323;41.6593058879809;74041.2349395995;96605.2481438761;206997.149416615;0;7.55649375;0;;39.1098484848485;;;65.9695553810678
3/18/2019 5:09:31 PM;0.00366666666666667;0.00183333333333333;1.91746666666666;3240.18657966667;S;6043.62808633336;W;0;2977172.91810103;1494620.74755832;338967.528668328;93.8529735803604;362344.953843187;279574.616939131;446810.010806656;0;74041.2349395995;96605.2481438761;206997.149416615;0;7.40458775510204;0;;39.1098484848485;;;48.9596785260113
3/18/2019 5:14:31 PM;0.100000000000001;0.0500000000000003;1.94083333333333;3240.18535199999;S;6043.62692933331;W;0;2977172.91810103;1494620.74755832;338967.528668328;95.6421786546707;362353.11477711;279574.616939131;446815.013639989;0;74041.2349395995;96605.2481438761;206997.149416615;0;7.42140208333333;0;;39.1098484848485;;;49.463016971798
3/18/2019 5:19:31 PM;0.0816666666666669;0.0408333333333335;1.9248;3240.18429833332;S;6043.62735533335;W;0;2977172.91810103;1494620.74755832;338967.528668328;70.4624354839325;362359.900513719;279574.616939131;446820.016439989;0;74041.2349395995;96605.2481438761;206997.149416615;0;7.4033375;0;;39.1098484848485;;;36.593377880184
3/18/2019 5:24:31 PM;0;0;1.93636666666667;3240.18499499999;S;6043.62799799994;W;0;2977172.91810103;1494620.74755832;338967.528668328;69.9010705947876;362365.674734868;279574.616939131;446825.019289988;29.9060562077967;74044.1970555876;96605.2481438761;207000.401316615;0;7.37381224489796;0;;39.1098484848485;;;51.4392641168688
3/18/2019 5:29:31 PM;0.0146666666666667;0.00733333333333333;1.8852;3240.185841;S;6043.62720533331;W;0;2977172.91810103;1494620.74755832;338967.528668328;75.4835987091064;362371.832796309;279574.616939131;446830.022156655;47.4144339961819;74047.391985028;96605.2481438761;207005.404183281;0;7.39312708333333;0;;39.1098484848485;;;65.2335141108741
3/18/2019 5:34:31 PM;0.00166666666666667;0.000833333333333333;1.95513333333334;3240.186097;S;6043.627924;W;0;2977172.91810103;1494620.74755832;338967.528668328;71.5876972675323;362377.990049706;279574.616939131;446835.025073321;49.7373426858913;74051.4481767737;96605.2481438761;207010.407116615;0;7.33657708333333;0;;39.1098484848485;;;62.2056632523258
3/18/2019 5:39:31 PM;0;0;1.96693333333333;3240.18449166667;S;6043.62794566662;W;0;2977172.91810103;1494620.74755832;338967.528668328;70.9851747751236;362383.772597958;279574.616939131;446840.027989987;51.2131103162666;74055.6633330112;96605.2481438761;207015.410016615;0;7.32687959183673;0;;39.1098484848485;;;62.124423375766
3/18/2019 5:44:31 PM;0.001;0.0005;1.90856666666666;3240.18517333333;S;6043.62689599998;W;0;2977172.91810103;1494620.74755832;338967.528668328;73.0611437559128;362389.911636324;279574.616939131;446845.030889986;51.9161818692024;74059.970096046;96605.2481438761;207020.412916615;0;7.33265;0;;39.1098484848485;;;65.4737284888536
3/18/2019 5:49:31 PM;0;0;1.90183333333334;3240.18406666667;S;6043.62665033334;W;0;2977172.91810103;1494620.74755832;338967.528668328;70.9238541126251;362395.863159522;279574.616939131;446850.033756652;54.8622333364844;74064.3150260626;96605.2481438761;207025.415783281;0;7.2996625;0;;39.1098484848485;;;66.127430714039
3/18/2019 5:54:31 PM;0;0;1.9538;3240.18388366666;S;6043.6267773333;W;0;2977172.91810103;1494620.74755832;338967.528668328;72.7023732662201;362401.814090892;279574.616939131;446855.036706652;67.859187007816;74069.5535722058;96605.2481438761;207030.418733281;0;7.39689387755102;0;;39.1098484848485;;;71.9517028508423
3/18/2019 5:59:31 PM;0;0;1.98956666666667;3240.18515999998;S;6043.62581900004;W;0;2977172.91810103;1494620.74755832;338967.528668328;72.6770800352097;362407.95586331;279574.616939131;446860.039673318;27.6220907357549;74073.5406477413;96605.2481438761;207032.503266614;0;7.33500625;0;;39.1098484848485;;;50.4796430596576
3/18/2019 6:04:31 PM;0;0;1.98206666666666;3240.18560533332;S;6043.62610100002;W;0;2977172.91810103;1494620.74755832;338967.528668328;71.0714453458786;362413.872301751;279574.616939131;446865.042373318;0;74073.5406477413;96605.2481438761;207032.503266614;0;7.32950833333333;0;;39.1098484848485;;;35.8728586270038
3/18/2019 6:09:31 PM;0;0;1.89317725752508;3240.18528966663;S;6043.62704466671;W;0;2977172.91810103;1494620.74755832;338967.528668328;71.3190525770187;362419.81249622;279574.616939131;446870.045223317;0;74073.5406477413;96605.2481438761;207032.503266614;0;7.21147142857143;0;;39.1098484848485;;;37.7818541535475
3/18/2019 6:14:31 PM;0;0;1.91763333333334;3240.18495166666;S;6043.6272913333;W;0;2977172.91810103;1494620.74755832;338967.528668328;68.4547573328018;362425.634893494;279574.616939131;446875.048139983;8.17894675714889;74075.0285591242;96605.2481438761;207033.337083281;0;7.32165416666666;0;;39.1098484848485;;;40.0872122399513
3/18/2019 6:19:31 PM;0;0;1.8884;3240.18628900002;S;6043.62782433337;W;0;2977172.91810103;1494620.74755832;338967.528668328;70.4582977294922;362431.353438666;279574.616939131;446880.050956649;46.1698527134802;74077.2588089441;96605.2481438761;207038.339899948;0;7.37349166666667;0;;39.1098484848485;;;61.7882764880957
3/18/2019 6:24:31 PM;0;0;1.8804;3240.18696333331;S;6043.62705533333;W;0;2977172.91810103;1494620.74755832;338967.528668328;69.2580181360245;362437.26419498;279574.616939131;446885.053873315;48.6505096854947;74081.2132771622;96605.2481438761;207043.342816614;0;7.26840612244898;0;;39.1098484848485;;;62.7221403132056
3/18/2019 6:29:31 PM;0;0;1.91053333333333;3240.18536566667;S;6043.62742599999;W;0;2977172.91810103;1494620.74755832;338967.528668328;70.9588515758514;362443.065466262;279574.616939131;446890.056706648;50.5233050674699;74085.3524101818;96605.2481438761;207048.345649948;0;7.27060208333334;0;;39.1098484848485;;;63.6035264735198
3/18/2019 6:34:31 PM;0;0;1.91743333333333;3240.18641633331;S;6043.62719600002;W;0;2977172.91810103;1494620.74755832;338967.528668328;72.9748731851578;362449.087735185;279574.616939131;446895.059489981;51.7965322622724;74089.62376183;96605.2481438761;207053.348433281;0;7.19991458333334;0;;39.1098484848485;;;65.0890358660894
3/18/2019 6:39:31 PM;0;0;1.88353333333333;3240.18504966667;S;6043.6269543333;W;0;2977172.91810103;1494620.74755832;338967.528668328;71.575688123703;362455.159673852;279574.616939131;446900.062373314;61.8274955109548;74094.3391035981;96605.2481438761;207058.351316614;0;7.19834375;0;;39.1098484848485;;;70.9611188273423
3/18/2019 6:44:31 PM;0;0;1.90276666666666;3240.18590933332;S;6043.62784566666;W;0;2977172.91810103;1494620.74755832;338967.528668328;72.4055957794189;362461.104286118;279574.616939131;446905.065256647;66.0419044245271;74099.7001569083;96605.2481438761;207063.354199948;0;7.13376326530612;0;;39.1098484848485;;;72.7921227548987
3/18/2019 6:49:31 PM;0;0;1.9402;3240.18537233335;S;6043.6267186667;W;0;2977172.91810103;1494620.74755832;338967.528668328;69.896212220192;362467.058742479;279574.616939131;446910.068206647;42.0046877144936;74104.2733346143;96605.2481438761;207066.689499948;0;7.14729166666667;0;;39.1098484848485;;;57.6539861259749
3/18/2019 6:54:31 PM;0;0;1.90073333333333;3240.18530566667;S;6043.62792900002;W;0;2977172.91810103;1494620.74755832;338967.528668328;69.4019114971161;362472.86032849;279574.616939131;446915.070989979;0;74104.2733346143;96605.2481438761;207066.689499948;0;7.21248125;0;;39.1098484848485;;;36.5591554070922
3/18/2019 6:59:31 PM;0.008;0.004;1.96729999999999;3240.18599766669;S;6043.63025666665;W;0;2977172.91810103;1494620.74755832;338967.528668328;69.5263803005219;362478.659743412;279574.616939131;446920.073873313;0;74104.2733346143;96605.2481438761;207066.689499948;0;7.27225306122449;0;;39.1098484848485;;;35.3935983593943
3/18/2019 7:04:31 PM;0.00466666666666667;0.00233333333333333;1.9331;3240.18844333334;S;6043.63071466662;W;0;2977172.91810103;1494620.74755832;338967.528668328;66.8441212177277;362484.465814855;279574.616939131;446925.076739979;0;74104.2733346143;96605.2481438761;207066.689499948;0;7.210125;0;;39.1098484848485;;;34.628865504043
3/18/2019 7:09:31 PM;0;0;1.979;3240.18617366667;S;6043.62874466663;W;0;2977172.91810103;1494620.74755832;338967.528668328;75.0255292654037;362490.254159657;279574.616939131;446930.079639979;44.6426326806451;74107.8085214177;96605.2481438761;207071.525633281;0;7.24389791666667;0;;39.1098484848485;;;60.5609780104524
3/18/2019 7:14:31 PM;0;0;1.9578;3240.18571866667;S;6043.62671999999;W;0;2977172.91810103;1494620.74755832;338967.528668328;74.5211774110794;362496.411272476;279574.616939131;446935.082523311;48.4991616072185;74111.680570521;96605.2481438761;207076.528516614;0;7.16838571428572;0;;39.1098484848485;;;63.0624826314202
3/18/2019 7:19:31 PM;0;0;2.08716666666667;3240.18766066667;S;6043.62754466666;W;0;2977172.91810103;1494620.74755832;338967.528668328;91.1226010322571;362503.352529229;279574.616939131;446940.085489977;51.3454931772955;74115.8431053268;96605.2481438761;207081.531483281;0;7.12372916666667;0;;39.1098484848485;;;68.5504789228252
3/18/2019 7:24:31 PM;0;0;1.94193333333333;3240.18504366666;S;6043.62770999998;W;0;2977172.91810103;1494620.74755832;338967.528668328;95.0468641216472;362511.137274533;279574.616939131;446945.00492331;52.8432116705173;74120.1668826141;96605.2481438761;207086.450916614;0;7.20933958333333;0;;39.1098484848485;;;76.3165601560964
3/18/2019 7:29:31 PM;0.003;0.0015;1.83873333333333;3240.18569133335;S;6043.62822933328;W;0;2977172.91810103;1494620.74755832;338967.528668328;79.4722473621368;362518.265202537;279574.616939131;446950.007806643;52.9955099443331;74124.5528411311;96605.2481438761;207091.453799948;0;7.23455306122449;0;;39.1098484848485;;;72.0872909038448
3/18/2019 7:34:31 PM;0;0;1.82856666666666;3240.18667433333;S;6043.62859733333;W;0;2977172.91810103;1494620.74755832;338967.528668328;69.9256360530853;362524.567131117;279574.616939131;446955.010689976;53.5936006394069;74128.9233283915;96605.2481438761;207096.456683281;0;7.2007;0;;39.1098484848485;;;67.5402668677779
3/18/2019 7:39:31 PM;0;0;1.91986666666667;3240.18608133334;S;6043.627332;W;0;2977172.91810103;1494620.74755832;338967.528668328;69.4624006748199;362530.370462666;279574.616939131;446960.013523309;58.5822181427808;74133.7270307899;96605.2481438761;207100.792483281;0;7.18027916666667;0;;39.1098484848485;;;66.9154153938648
3/18/2019 7:44:31 PM;0.002;0.001;1.8056;3240.18630933333;S;6043.62470166668;W;0;2977172.91810103;1494620.74755832;338967.528668328;67.1991205215454;362536.039018036;279574.616939131;446965.016456642;0;74133.7270307899;96605.2481438761;207100.792483281;0;7.14838163265306;0;;39.1098484848485;;;37.2260095396165
3/18/2019 7:49:31 PM;0;0;1.83623333333333;3240.18647933334;S;6043.62793099998;W;0;2977172.91810103;1494620.74755832;338967.528668328;68.7339502573013;362541.693770385;279574.616939131;446970.019323308;0;74133.7270307899;96605.2481438761;207100.792483281;0;7.23290208333333;0;;39.1098484848485;;;37.4756809803734
3/18/2019 7:54:31 PM;0.004;0.002;1.8202;3240.18543433335;S;6043.62793533332;W;0;2977172.91810103;1494620.74755832;338967.528668328;78.7715899944305;362547.813866658;279574.616939131;446975.022223307;0;74133.7270307899;96605.2481438761;207100.792483281;0;7.18263541666667;0;;39.1098484848485;;;43.3733961645875
3/18/2019 7:59:31 PM;0;0;1.71586666666667;3240.185582;S;6043.62592699999;W;0;2977172.91810103;1494620.74755832;338967.528668328;76.055953502655;362554.28646747;279574.616939131;446980.02510664;38.5735136101608;74137.717826593;96605.2481438761;207104.961533281;0;7.24378571428571;0;;39.1098484848485;;;66.8004994614671
3/18/2019 8:04:31 PM;0;0;1.8037;3240.18683766667;S;6043.62784566665;W;0;2977172.91810103;1494620.74755832;338967.528668328;75.7609015703201;362560.568706289;279574.616939131;446985.02800664;48.0528433325383;74141.3092860801;96605.2481438761;207109.964433281;0;7.2242625;0;;39.1098484848485;;;68.7364778912414
3/18/2019 8:09:31 PM;0.003;0.0015;1.71273333333334;3240.18469233334;S;6043.62716500002;W;0;2977172.91810103;1494620.74755832;338967.528668328;74.7743797302246;362566.856491218;279574.616939131;446990.030956639;49.9721233895295;74145.4035873021;96605.2481438761;207114.967383281;0;7.07189166666667;0;;39.1098484848485;;;72.8289601830115
3/18/2019 8:14:31 PM;0;0;1.79506666666667;3240.18482333335;S;6043.62695833333;W;0;2977172.91810103;1494620.74755832;338967.528668328;75.7943540811539;362573.173614548;279574.616939131;446995.033789972;51.455399477347;74149.638750168;96605.2481438761;207119.970216614;0;7.09991020408163;0;;39.1098484848485;;;70.9564645569537
3/18/2019 8:19:31 PM;0;0;1.79046666666667;3240.18451133332;S;6043.62799900001;W;0;2977172.91810103;1494620.74755832;338967.528668328;74.4959485530853;362579.521707949;279574.616939131;447000.036623305;55.5707926551894;74154.0031750022;96605.2481438761;207124.973049947;0;7.07738958333333;0;;39.1098484848485;;;72.7481077621693
3/18/2019 8:24:31 PM;0.00333333333333333;0.00166666666666667;1.7527;3240.18521833335;S;6043.62831166666;W;0;2977172.91810103;1494620.74755832;338967.528668328;68.2207757234573;362585.400101513;279574.616939131;447005.039506638;66.4389308522797;74159.1721497787;96605.2481438761;207129.975933281;0;7.22583333333334;0;;39.1098484848485;;;76.9130119711672
3/18/2019 8:29:31 PM;0;0;1.7533;3240.18569666667;S;6043.62790666668;W;0;2977172.91810103;1494620.74755832;338967.528668328;71.6474515199661;362591.30689389;279574.616939131;447010.042439971;67.1657732806916;74164.7906991477;96605.2481438761;207134.978866614;0;7.1991612244898;0;;39.1098484848485;;;79.3957954057651
3/18/2019 8:34:31 PM;0;0;1.91223333333334;3240.18484133335;S;6043.62740366672;W;0;2977172.91810103;1494620.74755832;338967.528668328;77.4900734424591;362597.562970756;279574.616939131;447015.045239971;11.3097358258307;74168.0375442277;96605.2481438761;207135.979416614;0;7.14729166666667;0;;39.1098484848485;;;46.3951796587689
3/18/2019 8:39:31 PM;0;0;1.822;3240.18504366669;S;6043.62874399997;W;0;2977172.91810103;1494620.74755832;338967.528668328;68.1607800722122;362603.586597082;279574.616939131;447020.048106637;0;74168.0375442277;96605.2481438761;207135.979416614;0;7.19755833333333;0;;39.1098484848485;;;37.4543224984192
3/18/2019 8:44:31 PM;0;0;1.8772;3240.18647666669;S;6043.62973433334;W;0;2977172.91810103;1494620.74755832;338967.528668328;72.8847706317902;362609.443664766;279574.616939131;447025.051023303;0;74168.0375442277;96605.2481438761;207135.979416614;0;7.11991428571429;0;;39.1098484848485;;;38.789352010363
3/18/2019 8:49:31 PM;0.00566666666666667;0.00283333333333333;1.74466666666667;3240.18423399999;S;6043.62671933334;W;0;2977172.91810103;1494620.74755832;338967.528668328;71.7747616767883;362615.419628002;279574.616939131;447030.053923303;9.84673174844833;74168.9151859251;96605.2481438761;207137.063349947;0;7.15278958333333;0;;39.1098484848485;;;46.9493892607547
3/18/2019 8:54:31 PM;0;0;1.7908;3240.18629266666;S;6043.62897666668;W;0;2977172.91810103;1494620.74755832;338967.528668328;70.1691216230392;362621.360470712;279574.616939131;447035.056806636;46.3972232381117;74171.2386991727;96605.2481438761;207142.066233281;0;7.11273333333333;0;;39.1098484848485;;;65.2119438704574
3/18/2019 8:59:31 PM;0;0;1.87483333333333;3240.18616733335;S;6043.62786166665;W;0;2977172.91810103;1494620.74755832;338967.528668328;68.6825948953629;362627.148961313;279574.616939131;447040.059739969;49.6534458725052;74175.2367733525;96605.2481438761;207147.069166614;0;7.1260693877551;0;;39.1098484848485;;;63.2070233455033
3/18/2019 9:04:31 PM;0;0;1.75286666666667;3240.18599033333;S;6043.62645333336;W;0;2977172.91810103;1494620.74755832;338967.528668328;71.4882355928421;362632.995022206;279574.616939131;447045.062606635;52.4049130442251;74179.5103150026;96605.2481438761;207152.072033281;0;7.06325208333333;0;;39.1098484848485;;;70.8146054252351
3/18/2019 9:09:31 PM;0;0;1.86366666666667;3240.18628;S;6043.62712533338;W;0;2977172.91810103;1494620.74755832;338967.528668328;78.839984536171;362639.309578105;279574.616939131;447050.065523302;53.2788434734276;74183.9235760552;96605.2481438761;207157.074949947;0;7.10723541666667;0;;39.1098484848485;;;70.9234097857681
3/18/2019 9:14:31 PM;0;0;1.82146666666667;3240.18659156492;S;6043.6267436182;W;0;2977172.91810103;1494620.74755832;338967.528668328;79.3330031633377;362645.852415205;279574.616939131;447055.068373301;52.8807106837035;74188.3640958064;96605.2481438761;207162.077799947;0;7.08524375;0;;39.1098484848485;;;72.676603604977
3/18/2019 9:19:31 PM;0;0;1.89296666666667;3240.18520489433;S;6043.62969632923;W;0;2977172.91810103;1494620.74755832;338967.528668328;70.2511167526245;362652.18749376;279574.616939131;447060.071289967;60.7684618009143;74192.9110119361;96605.2481438761;207167.080716614;0;7.09221632653061;0;;39.1098484848485;;;69.2500141445181
3/18/2019 9:24:31 PM;0;0;1.77236666666667;3240.18506670366;S;6043.62784495005;W;0;2977172.91810103;1494620.74755832;338967.528668328;73.3133965730667;362658.088177653;279574.616939131;447065.074106634;30.4217279415344;74196.9443170384;96605.2481438761;207169.415349947;0;7.08053125;0;;39.1098484848485;;;58.1763550238409
3/18/2019 9:29:31 PM;0;0;1.87286666666667;3240.18628788889;S;6043.6273827778;W;0;2977172.91810103;1494620.74755832;338967.528668328;74.310690164566;362664.290588988;279574.616939131;447069.993539967;0;74196.9443170384;96605.2481438761;207169.415349947;0;7.1017375;0;;39.1098484848485;;;39.7095489787274
3/18/2019 9:34:31 PM;0;0;1.8471;3240.1882811111;S;6043.62715633334;W;0;2977172.91810103;1494620.74755832;338967.528668328;69.6051299571991;362670.318013049;279574.616939131;447074.9963733;0;74196.9443170384;96605.2481438761;207169.415349947;0;7.13145510204082;0;;39.1098484848485;;;37.6986348464999
3/18/2019 9:39:31 PM;0;0;1.93106666666667;3240.18547166668;S;6043.62591588889;W;0;2977172.91810103;1494620.74755832;338967.528668328;68.1647086143494;362675.940173171;279574.616939131;447079.999273299;0;74196.9443170384;96605.2481438761;207169.415349947;0;7.13079791666667;0;;39.1098484848485;;;35.3727076186481
3/18/2019 9:44:31 PM;0.00533333333333333;0.00266666666666667;1.8106;3240.18677044443;S;6043.62587322223;W;0;2977172.91810103;1494620.74755832;338967.528668328;69.4243007898331;362681.766788586;279574.616939131;447085.002173299;46.3124777277199;74200.0862811401;96605.2481438761;207174.418249947;0;7.07581875;0;;39.1098484848485;;;64.0481727556886
3/18/2019 9:49:31 PM;0.000333333333333333;0.000166666666666667;1.81633333333333;3240.18754455556;S;6043.62667644445;W;0;2977172.91810103;1494620.74755832;338967.528668328;68.4606101553319;362687.391614967;279574.616939131;447089.921739965;49.0012512754666;74204.0019447386;96605.2481438761;207179.337816614;0;7.11375918367347;0;;39.1098484848485;;;64.8634862488091
3/18/2019 9:54:31 PM;0.0409999999999999;0.0205;1.81;3240.18787966669;S;6043.6272196667;W;0;2977172.91810103;1494620.74755832;338967.528668328;69.3965542316437;362693.067430358;279574.616939131;447094.924589965;52.1078515370454;74208.1968199269;96605.2481438761;207184.340666614;0;7.08131666666667;0;;39.1098484848485;;;67.2740636788935
3/18/2019 9:59:31 PM;0.0673333333333334;0.0336666666666667;1.87866666666666;3240.18849166666;S;6043.62715933336;W;0;2977172.91810103;1494620.74755832;338967.528668328;68.1455808877945;362698.815911399;279574.616939131;447099.927506631;53.5480516403147;74212.6141807526;96605.2481438761;207189.34358328;0;7.16614166666667;0;;39.1098484848485;;;64.9186004480882
3/18/2019 10:04:31 PM;0.0319999999999999;0.016;1.92166666666667;3240.18757877777;S;6043.62860288888;W;0;2977172.91810103;1494620.74755832;338967.528668328;65.5892676115036;362704.403539506;279574.616939131;447104.930423297;55.976645124409;74217.1106145766;96605.2481438761;207194.346499947;0;7.04528367346939;0;;39.1098484848485;;;63.3171445709716
3/18/2019 10:09:31 PM;0.00266666666666667;0.00133333333333333;1.76366666666667;3240.18813511111;S;6043.62592077778;W;0;2977172.91810103;1494620.74755832;338967.528668328;71.2954115867615;362710.220583804;279574.616939131;447109.933373297;67.2660836397881;74222.307595394;96605.2481438761;207199.349449947;0;7.02005416666667;0;;39.1098484848485;;;78.6196396916866
3/18/2019 10:14:31 PM;0.00233333333333333;0.00116666666666667;1.8893;3240.18564277779;S;6043.62557633336;W;0;2977172.91810103;1494620.74755832;338967.528668328;77.9476815462112;362716.258907532;279574.616939131;447114.936339963;46.4000734992408;74227.0943232527;96605.2481438761;207202.768116613;0;7.002775;0;;39.1098484848485;;;66.1165079947266
3/18/2019 10:19:31 PM;0;0;1.83456666666666;3240.18721166667;S;6043.62632622221;W;0;2977172.91810103;1494620.74755832;338967.528668328;77.786750793457;362722.863016155;279574.616939131;447119.939173296;0;74227.0943232527;96605.2481438761;207202.768116613;0;6.96449795918367;0;;39.1098484848485;;;42.3950877490712
3/18/2019 10:24:31 PM;0;0;1.81646666666667;3240.18768055556;S;6043.62855311109;W;0;2977172.91810103;1494620.74755832;338967.528668328;79.4575309753418;362729.445324104;279574.616939131;447124.942039962;0;74227.0943232527;96605.2481438761;207202.768116613;0;7.01298541666667;0;;39.1098484848485;;;43.824927259897
3/18/2019 10:29:31 PM;0;0;1.9376;3240.18592155557;S;6043.62843499997;W;0;2977172.91810103;1494620.74755832;338967.528668328;78.3243584632874;362735.994718228;279574.616939131;447129.944956628;0;74227.0943232527;96605.2481438761;207202.768116613;0;6.88182083333333;0;;39.1098484848485;;;40.5024502710868
3/18/2019 10:34:31 PM;0;0;1.82726666666666;3240.18595055556;S;6043.62676999999;W;0;2977172.91810103;1494620.74755832;338967.528668328;84.0840446949005;362742.71127366;279574.616939131;447134.947773295;42.4959724197538;74230.7743688131;96605.2481438761;207207.35398328;0;6.90140816326531;0;;39.1098484848485;;;69.4129007187821
3/18/2019 10:39:31 PM;0;0;1.81283333333333;3240.18702888889;S;6043.62687633337;W;0;2977172.91810103;1494620.74755832;338967.528668328;80.229971408844;362749.590184252;279574.616939131;447139.950639961;48.096747199703;74234.520741985;96605.2481438761;207212.356849947;0;6.92658958333334;0;;39.1098484848485;;;70.9657947826662
3/18/2019 10:44:31 PM;0;0;1.8342;3240.18629566665;S;6043.62581233332;W;0;2977172.91810103;1494620.74755832;338967.528668328;85.2932792901993;362756.519676505;279574.616939131;447144.953489961;50.9776852499111;74238.6588178043;96605.2481438761;207217.359699947;0;6.9886375;0;;39.1098484848485;;;74.3479151005269
3/18/2019 10:49:31 PM;0.0123333333333333;0.00616666666666667;1.86733333333334;3240.18637200001;S;6043.62584711111;W;0;2977172.91810103;1494620.74755832;338967.528668328;83.6841255426407;362763.648676018;279574.616939131;447149.956356627;52.110901561819;74242.9667879475;96605.2481438761;207222.362566613;0;6.93365833333333;0;;39.1098484848485;;;72.7643429812747
3/18/2019 10:54:31 PM;0;0;1.9079;3240.18651011112;S;6043.62540477779;W;0;2977172.91810103;1494620.74755832;338967.528668328;81.7416769266129;362770.516981201;279574.616939131;447154.959306626;52.2215938098011;74247.3285110103;96605.2481438761;207227.365516613;0;6.9745;0;;39.1098484848485;;;70.3284421370844
3/18/2019 10:59:31 PM;0;0;1.9754;3240.18522300001;S;6043.62686177779;W;0;2977172.91810103;1494620.74755832;338967.528668328;82.9193294048309;362777.298350403;279574.616939131;447159.962173292;57.4654966193923;74251.7351232984;96605.2481438761;207232.36838328;0;6.96821666666667;0;;39.1098484848485;;;71.1858106209895
3/18/2019 11:04:31 PM;0;0;1.8728;3240.18601122224;S;6043.62640033331;W;0;2977172.91810103;1494620.74755832;338967.528668328;82.4459141492844;362784.218687286;279574.616939131;447164.965056625;48.921941134806;74256.4288769054;96605.2481438761;207236.203949946;0;6.99727708333333;0;;39.1098484848485;;;70.0661364904024
3/18/2019 11:09:31 PM;0;0;1.82363333333333;3240.18521422224;S;6043.62660611111;W;0;2977172.91810103;1494620.74755832;338967.528668328;78.3435380458832;362790.944101109;279574.616939131;447169.967956625;0;74256.4288769054;96605.2481438761;207236.203949946;0;6.97603877551021;0;;39.1098484848485;;;42.9656213813917
3/18/2019 11:14:31 PM;0.00166666666666667;0.000833333333333333;1.88443333333333;3240.18356100002;S;6043.62740433334;W;0;2977172.91810103;1494620.74755832;338967.528668328;85.1275384426117;362797.688587232;279574.616939131;447174.970806625;0;74256.4288769054;96605.2481438761;207236.203949946;0;6.94229791666666;0;;39.1098484848485;;;45.2232338177366
3/18/2019 11:19:31 PM;0;0;1.86636666666667;3240.18325444444;S;6043.62558944444;W;0;2977172.91810103;1494620.74755832;338967.528668328;83.2055228948593;362804.787279957;279574.616939131;447179.973739958;0;74256.4288769054;96605.2481438761;207236.203949946;0;6.92109166666667;0;;39.1098484848485;;;44.6401267434813
3/18/2019 11:24:31 PM;0;0;1.99030000000001;3240.18597366664;S;6043.62567377776;W;0;2977172.91810103;1494620.74755832;338967.528668328;86.906846165657;362811.834426945;279574.616939131;447184.976539958;35.854493847987;74259.8520179798;96605.2481438761;207240.122866613;0;6.89448367346939;0;;39.1098484848485;;;61.4709865851567
3/18/2019 11:29:31 PM;0.0513333333333332;0.0256666666666666;1.82510000000001;3240.18680633334;S;6043.62705544444;W;0;2977172.91810103;1494620.74755832;338967.528668328;76.5361404418945;362818.678321631;279574.616939131;447189.979373291;48.7711602024324;74263.3612581457;96605.2481438761;207245.12568328;0;6.90224166666667;0;;39.1098484848485;;;68.6933107955741
3/18/2019 11:34:31 PM;0.0106666666666667;0.00533333333333334;1.83786666666667;3240.18423977782;S;6043.62601055553;W;0;2977172.91810103;1494620.74755832;338967.528668328;82.0346885919571;362825.265946819;279574.616939131;447194.982289957;51.9270918274808;74267.5757775745;96605.2481438761;207250.128599946;0;6.89831458333333;0;;39.1098484848485;;;72.9330790191625
3/18/2019 11:39:31 PM;0;0;1.83179999999999;3240.18423600001;S;6043.62662711116;W;0;2977172.91810103;1494620.74755832;338967.528668328;82.3113888502121;362832.177879358;279574.616939131;447199.985156623;53.4802004311895;74271.9804120711;96605.2481438761;207255.131466613;0;6.92525918367347;0;;39.1098484848485;;;74.1476347847845
3/18/2019 11:44:31 PM;0;0;1.93043333333333;3240.18504866667;S;6043.62659044446;W;0;2977172.91810103;1494620.74755832;338967.528668328;83.854855298996;362839.17210086;279574.616939131;447204.988089956;53.4850709790997;74276.4539173544;96605.2481438761;207260.134399946;0;6.8991;0;;39.1098484848485;;;71.326100024988
3/18/2019 11:49:31 PM;0;0;1.83796666666667;3240.18834011111;S;6043.62951177778;W;0;2977172.91810103;1494620.74755832;338967.528668328;77.1701484918594;362845.767353369;279574.616939131;447209.990889955;54.3225683771845;74280.8623763623;96605.2481438761;207265.137199946;0;6.87789375;0;;39.1098484848485;;;71.7262496855282
3/18/2019 11:54:31 PM;0;0;1.93283333333334;3240.18714233335;S;6043.62745522222;W;0;2977172.91810103;1494620.74755832;338967.528668328;79.0122199058533;362852.268334406;279574.616939131;447214.993823288;50.8467414383403;74285.3840170127;96605.2481438761;207268.972766613;0;6.95449591836735;0;;39.1098484848485;;;67.4793138713924
3/18/2019 11:59:31 PM;0;0;1.84496666666667;3240.18709855716;S;6043.62814905662;W;0;2977172.91810103;1494620.74755832;338967.528668328;77.3607784509659;362858.836681421;279574.616939131;447219.996706621;0;74285.3840170127;96605.2481438761;207268.972766613;0;6.93601458333333;0;;39.1098484848485;;;42.0942657458886
