STW,MAE
10.97,3.4015541076660156
10.48,6.415897369384766
10.45,9.041881561279297
11.28,17.239742279052734
8.83,6.1471099853515625
11.07,3.4964942932128906
8.8,0.5774574279785156
11.81,4.6407623291015625
15.29,3.6129112243652344
11.99,1.5341854095458984
13.16,5.233951568603516
8.39,1.4954605102539062
10.81,3.3424949645996094
8.86,2.2722034454345703
10.38,1.621002197265625
11.31,15.179807662963867
10.56,1.5462112426757812
9.86,3.844818115234375
15.09,0.21702957153320312
11.6,2.705913543701172
9.22,7.08177375793457
10.12,7.465602874755859
0.67,4.84108829498291
7.1,2.824186325073242
14.43,13.804325103759766
10.56,8.185111999511719
10.67,3.0938243865966797
11.08,2.6682090759277344
11.9,4.190959930419922
10.46,0.7307281494140625
11.41,12.449750900268555
7.69,3.207071304321289
11.57,9.190990447998047
10.32,6.550201416015625
10.42,4.253562927246094
10.53,4.770076751708984
7.47,6.05465030670166
8.65,9.270843505859375
12.92,0.48905372619628906
14.33,0.9375381469726562
10.76,5.42268180847168
13.6,1.0911445617675781
10.79,0.040821075439453125
10.52,3.152982711791992
6.36,2.715989112854004
12.78,8.09341812133789
11.93,3.4197921752929688
11.58,5.07464599609375
9.94,13.475296020507812
0.65,4.053089618682861
6.57,0.405120849609375
11.66,2.2292747497558594
8.37,2.5941543579101562
7.16,4.537840843200684
11.12,6.161128997802734
11.06,0.8038215637207031
10.26,3.260305404663086
11.08,2.576131820678711
9.74,0.48056983947753906
7.08,4.0150604248046875
10.51,0.8060569763183594
8.35,2.4878463745117188
5.63,8.644632339477539
10.74,1.5508766174316406
0.66,6.266650676727295
10.34,7.509849548339844
10.21,12.966386795043945
11.97,2.7097511291503906
11.57,1.951009750366211
8.95,2.768857955932617
6.36,9.271061897277832
9.55,2.0736007690429688
11.64,11.621500015258789
11.55,2.2599945068359375
7.05,3.889052391052246
9.96,2.7873592376708984
10.49,23.749317169189453
10.41,0.20307159423828125
11.7,6.1427001953125
10.28,9.68899917602539
9.73,7.271018981933594
12.4,2.5358505249023438
10.63,6.627584457397461
10.6,4.775016784667969
10.69,0.27435302734375
11.88,7.992824554443359
10.49,3.4274730682373047
10.98,8.541437149047852
10.41,0.9790229797363281
7.74,1.2924785614013672
9.84,0.1558704376220703
6.25,6.450723648071289
11.4,0.46317481994628906
10.41,2.2043323516845703
7.15,3.791970729827881
7.2,5.363276481628418
11.16,0.28588104248046875
11.02,6.470916748046875
6.98,5.222892761230469
8.74,6.419477462768555
10.22,3.505990982055664
9.86,7.519901275634766
11.65,1.3951454162597656
10.9,0.5295066833496094
12.15,5.306861877441406
11.47,4.820940017700195
9.77,1.4606189727783203
10.7,1.4476509094238281
11.41,5.960355758666992
10.52,6.002765655517578
11.16,18.81747055053711
6.47,1.228865623474121
11.33,3.5447139739990234
12.3,6.411476135253906
11.5,10.190837860107422
9.94,4.366855621337891
13.35,5.276943206787109
11.69,4.12164306640625
10.94,13.308576583862305
1.81,1.9326040744781494
8.96,3.8523921966552734
13.97,1.3487968444824219
9.86,1.2845230102539062
10.48,0.6196708679199219
10.6,4.463878631591797
15.03,10.660221099853516
11.19,0.5872001647949219
13.95,9.91070556640625
12.24,8.198263168334961
14.75,0.8312873840332031
8.73,4.732637405395508
10.51,2.9146595001220703
11.62,1.6176109313964844
10.91,1.2329540252685547
10.05,4.144428253173828
10.19,19.722734451293945
10.65,1.0150995254516602
9.97,2.329038619995117
8.55,3.5619163513183594
11.27,0.5788497924804688
0.54,2.670748472213745
12.6,2.309528350830078
12.53,1.1920280456542969
12.08,0.5626068115234375
12.4,6.200145721435547
7.15,2.3249902725219727
13.13,2.1484298706054688
10.55,3.0904293060302734
9.51,6.314435958862305
10.3,0.5338058471679688
10.85,0.3628406524658203
9.37,1.2302513122558594
10.83,15.836444854736328
11.34,2.9506378173828125
14.32,15.105350494384766
11.78,1.1038093566894531
12.27,3.5380630493164062
10.1,4.245038986206055
10.04,5.190824508666992
11.39,4.273235321044922
8.01,2.100698471069336
10.26,4.079673767089844
10.02,0.4786815643310547
9.12,8.377155303955078
10.63,0.6214752197265625
10.66,1.2789573669433594
9.85,3.525043487548828
9.81,2.0475215911865234
10.85,0.2589111328125
11.68,3.3358497619628906
8.58,0.2762107849121094
14.72,3.9442176818847656
10.58,0.5307540893554688
11.65,2.6245384216308594
11.26,1.4573688507080078
10.27,2.7676219940185547
10.06,8.499580383300781
11.43,1.9489059448242188
10.6,1.570791244506836
6.37,5.929208755493164
10.73,1.8725624084472656
10.61,1.655792236328125
9.64,0.6320533752441406
11.51,2.391773223876953
9.38,1.0822181701660156
10.37,0.8959426879882812
11.31,2.7961044311523438
0.5,2.980102777481079
11.63,0.15901947021484375
12.04,6.286048889160156
14.95,0.8081398010253906
11.19,2.546703338623047
10.69,0.8108253479003906
12.14,2.1022720336914062
10.62,3.589388847351074
10.76,3.0716514587402344
11.74,3.3107643127441406
10.02,2.1856822967529297
13.39,0.8342247009277344
10.94,10.721929550170898
14.34,11.010337829589844
6.46,6.099786758422852
8.0,2.327535629272461
10.68,7.292745590209961
9.43,0.45252037048339844
9.96,0.7602691650390625
11.9,5.973052978515625
10.62,11.510406494140625
12.75,1.8564414978027344
10.54,2.1704444885253906
10.69,1.1612205505371094
7.77,9.00857162475586
10.59,6.826719284057617
14.49,11.838615417480469
10.78,0.8020553588867188
6.75,3.2035646438598633
10.93,6.314884185791016
11.84,1.6919822692871094
8.54,1.8394203186035156
11.76,4.797990798950195
11.65,7.091306686401367
11.54,1.2009735107421875
10.17,0.3658599853515625
11.69,2.627887725830078
10.13,0.39130210876464844
0.72,2.4964938163757324
10.88,0.2559661865234375
10.7,1.19415283203125
11.39,1.7646369934082031
11.04,5.133110046386719
10.46,5.542093276977539
10.75,2.434844970703125
12.7,4.941493988037109
12.1,4.409656524658203
11.15,1.2916793823242188
9.63,2.505044937133789
11.11,0.020860671997070312
10.55,5.160545349121094
10.36,0.7076568603515625
12.93,3.0654563903808594
13.69,1.391387939453125
9.91,4.14048957824707
11.22,0.0925140380859375
10.02,3.2942371368408203
15.11,0.6946449279785156
10.27,4.928201675415039
9.81,1.3814773559570312
10.06,2.171651840209961
8.04,0.24132347106933594
9.41,4.088733673095703
11.54,2.5052452087402344
11.75,3.284954071044922
10.53,3.113666534423828
9.71,4.5018768310546875
10.27,2.3356151580810547
10.67,2.532123565673828
13.67,10.405632019042969
12.16,11.537994384765625
14.95,4.189907073974609
13.87,1.1837501525878906
15.35,1.7536659240722656
11.52,2.8301258087158203
11.77,4.504842758178711
10.39,23.47079849243164
10.21,2.4475135803222656
11.73,5.34649658203125
14.13,2.317516326904297
10.09,3.578044891357422
11.41,4.4859619140625
11.43,4.185920715332031
10.31,2.839315414428711
12.72,5.602886199951172
10.15,4.458612442016602
10.22,3.741678237915039
11.43,2.7927398681640625
11.73,2.920452117919922
10.91,3.2962646484375
10.15,8.021413803100586
10.33,5.191112518310547
10.44,1.736419677734375
10.85,1.8044548034667969
14.99,4.667881011962891
10.7,3.8604583740234375
11.68,4.836111068725586
11.82,0.9307289123535156
9.44,3.261138916015625
11.47,2.1758060455322266
9.41,8.485322952270508
11.63,17.60547637939453
9.14,6.322805404663086
11.75,2.525177001953125
11.71,8.126407623291016
3.94,2.3228137493133545
11.93,2.3193817138671875
10.22,4.641393661499023
8.4,3.4997425079345703
12.3,2.1220703125
10.06,4.00831413269043
6.49,2.083035469055176
10.98,3.076261520385742
10.25,2.990846633911133
10.72,1.2548370361328125
10.09,0.08450889587402344
10.63,23.342361450195312
10.21,1.8718528747558594
14.63,12.493793487548828
9.81,7.754297256469727
11.54,0.018558502197265625
9.92,0.6944808959960938
10.58,1.9529151916503906
7.76,4.864725112915039
14.66,3.7944679260253906
11.17,2.4369850158691406
11.54,5.448955535888672
8.23,4.606346130371094
10.34,0.023477554321289062
10.01,4.008369445800781
8.33,6.00507926940918
4.8,2.377413272857666
7.09,6.007724761962891
10.55,0.422271728515625
10.91,4.101783752441406
6.46,4.109704494476318
8.68,7.567661285400391
11.72,9.17466926574707
10.13,4.055944442749023
12.46,7.569185256958008
11.52,2.8822784423828125
8.72,6.668039321899414
11.45,16.16864013671875
11.88,7.444896697998047
7.14,2.192983627319336
11.43,5.413673400878906
0.74,4.158540725708008
8.29,7.197416305541992
11.64,2.047239303588867
10.94,1.8094596862792969
10.86,3.4032859802246094
10.68,4.1947174072265625
7.85,0.125335693359375
8.96,5.779035568237305
11.67,2.330944061279297
10.49,2.153045654296875
11.25,1.9582843780517578
11.99,1.5041618347167969
8.91,5.842615127563477
10.44,3.1787071228027344
11.79,2.088062286376953
13.75,1.0789718627929688
11.56,8.169681549072266
8.65,6.56976318359375
12.7,1.2794952392578125
7.19,7.915157794952393
10.2,4.313970565795898
10.82,5.419210433959961
10.85,2.1132259368896484
14.55,16.043933868408203
8.71,3.9610958099365234
11.74,3.6536865234375
10.97,3.5026683807373047
9.93,1.349578857421875
13.76,0.2100067138671875
11.38,3.994283676147461
6.67,3.989881992340088
10.28,2.1949634552001953
9.46,6.03587532043457
11.8,1.6528854370117188
7.1,4.843838214874268
11.46,4.983835220336914
11.6,0.7466049194335938
10.47,6.123546600341797
11.67,1.7475223541259766
10.72,3.3868751525878906
6.41,2.917811393737793
9.91,1.1178455352783203
11.14,3.16448974609375
10.72,4.3967437744140625
10.2,1.4215564727783203
9.69,1.3965034484863281
9.91,3.8014068603515625
6.54,6.915804862976074
11.5,2.7089691162109375
10.32,6.063028335571289
14.26,1.6756553649902344
14.75,6.7114410400390625
10.19,10.023391723632812
10.71,1.7378158569335938
10.96,0.9877281188964844
0.67,2.380399227142334
11.76,1.0171146392822266
0.79,4.140435695648193
11.28,2.7296981811523438
11.12,0.1546611785888672
9.17,8.483903884887695
10.04,8.591390609741211
8.62,4.975292205810547
9.6,6.614706039428711
11.21,5.909854888916016
11.41,16.5147647857666
10.63,4.221321105957031
10.07,1.9770965576171875
11.73,2.7697887420654297
12.0,1.7809009552001953
9.81,1.5758247375488281
10.34,2.5249805450439453
11.32,3.6542224884033203
10.32,7.040655136108398
10.98,1.1533050537109375
11.41,6.781497955322266
8.06,0.051095008850097656
14.11,4.923862457275391
11.88,1.985799789428711
8.13,1.2421913146972656
11.92,1.8274269104003906
7.72,0.4165325164794922
10.59,10.979433059692383
10.53,1.7783470153808594
12.84,7.773319244384766
11.56,6.813591003417969
8.78,3.287485122680664
11.79,4.2272186279296875
11.72,3.1278114318847656
10.82,0.4860076904296875
11.02,6.171468734741211
11.19,0.6642093658447266
9.72,2.6584720611572266
10.36,6.10601806640625
11.6,2.7199535369873047
13.42,2.6364994049072266
10.12,7.234582901000977
6.45,5.633368492126465
11.87,2.10791015625
10.62,3.801929473876953
10.48,1.5831756591796875
11.79,0.2604827880859375
10.39,22.804285049438477
10.81,2.5800819396972656
11.48,0.6839790344238281
11.09,2.6590194702148438
10.39,1.7053108215332031
14.2,1.5493125915527344
9.77,7.974399566650391
10.66,1.298593521118164
11.54,0.8698654174804688
11.26,3.703737258911133
10.94,5.662303924560547
6.65,3.2367701530456543
14.16,1.7214164733886719
7.21,3.5143232345581055
10.78,1.1927814483642578
10.69,2.3383140563964844
9.83,2.8017654418945312
11.08,2.8531455993652344
11.47,3.0563697814941406
11.31,7.801382064819336
10.9,0.3851737976074219
10.87,0.6354331970214844
9.43,0.8532209396362305
11.09,6.023067474365234
4.32,1.8014435768127441
10.42,5.651704788208008
11.35,26.675743103027344
11.24,5.700523376464844
11.33,2.380889892578125
10.38,6.803058624267578
7.0,4.8497138023376465
10.77,3.1991348266601562
12.14,5.022377014160156
6.48,4.268294334411621
8.52,6.303058624267578
11.75,0.6406364440917969
14.04,0.4268798828125
15.28,0.9235572814941406
6.89,16.877668380737305
11.84,15.80229377746582
9.34,15.962814331054688
8.27,3.1695079803466797
11.15,3.875843048095703
9.05,8.472471237182617
12.01,3.327047348022461
10.77,0.4334449768066406
12.09,3.23419189453125
11.86,1.3785114288330078
9.56,12.531049728393555
10.57,4.274410247802734
6.16,1.2831902503967285
10.74,0.6396503448486328
14.6,9.211055755615234
9.68,8.349380493164062
9.52,15.419849395751953
7.42,6.634531497955322
11.59,3.483182907104492
12.74,1.8618049621582031
11.89,4.051044464111328
4.44,0.18274545669555664
10.37,1.0106658935546875
9.45,4.878452301025391
6.92,2.672365188598633
12.24,2.3802013397216797
8.67,2.2610912322998047
11.64,1.4035396575927734
11.23,14.445545196533203
10.38,6.090099334716797
9.43,0.8243312835693359
10.87,7.890390396118164
10.1,2.6434497833251953
11.76,2.8491458892822266
11.27,5.719526290893555
11.88,0.3533306121826172
11.85,2.831991195678711
11.4,2.032236099243164
10.49,6.716856002807617
11.75,0.640106201171875
11.32,1.8732833862304688
10.46,4.926546096801758
10.25,1.1901626586914062
11.23,2.2574024200439453
11.28,5.559894561767578
11.81,5.272884368896484
11.62,10.868169784545898
14.8,2.0074081420898438
10.45,0.7441635131835938
9.74,1.5090351104736328
10.03,1.520538330078125
10.48,8.888893127441406
14.64,5.105682373046875
11.69,3.2051944732666016
10.42,3.3213768005371094
11.89,2.793210983276367
11.2,6.494529724121094
10.24,6.16438102722168
9.29,3.6199607849121094
10.46,1.4486312866210938
13.73,3.4187698364257812
11.11,5.275962829589844
13.65,0.2659149169921875
1.35,2.3522701263427734
10.92,1.6873130798339844
10.7,0.6030483245849609
10.29,4.226762771606445
8.58,6.003511428833008
11.27,1.9648818969726562
10.04,2.2490787506103516
9.44,0.9101371765136719
9.98,4.6092987060546875
11.64,14.342123031616211
11.81,0.14942550659179688
8.54,3.7535037994384766
11.81,5.486289978027344
10.35,0.4444923400878906
11.62,9.106719970703125
10.86,7.554769515991211
11.92,4.665264129638672
11.02,4.787803649902344
13.9,0.6376495361328125
10.2,6.430660247802734
10.47,5.270246505737305
14.33,12.412969589233398
11.92,1.4512386322021484
10.94,5.851289749145508
11.02,10.66552734375
9.55,4.238410949707031
10.92,0.7868881225585938
13.06,0.02292633056640625
7.2,4.334831714630127
9.91,0.9818134307861328
10.32,2.2861251831054688
14.02,1.5188102722167969
10.16,8.209712982177734
9.71,1.542593002319336
10.66,1.935647964477539
8.88,6.365489959716797
10.44,1.685028076171875
10.08,4.415424346923828
11.29,2.5545654296875
10.14,1.925445556640625
12.71,3.318206787109375
11.56,5.512025833129883
9.55,1.1936092376708984
11.22,8.811119079589844
11.63,1.0205879211425781
6.75,3.603945732116699
11.36,1.7713813781738281
10.2,0.4578857421875
11.35,2.5717849731445312
11.38,8.89732551574707
10.27,6.3386077880859375
7.85,4.962053298950195
10.02,0.06321334838867188
11.51,0.26314544677734375
1.54,6.370706081390381
8.94,9.174884796142578
9.97,3.153818130493164
9.85,0.9887485504150391
9.84,8.608848571777344
11.2,4.009952545166016
13.58,8.106534957885742
11.04,1.3266658782958984
8.55,4.670614242553711
9.94,2.4572696685791016
12.73,2.0286026000976562
14.65,3.75726318359375
12.0,6.262870788574219
11.51,0.27690696716308594
7.9,3.4730453491210938
10.7,0.22474288940429688
10.68,1.5377635955810547
11.13,2.620523452758789
10.95,3.2403221130371094
10.16,2.9586105346679688
10.67,3.9706344604492188
10.94,7.525386810302734
14.96,5.818990707397461
13.97,5.591739654541016
11.0,0.6937923431396484
10.4,1.36138916015625
11.91,5.631235122680664
8.76,1.342691421508789
10.77,5.88201904296875
11.09,4.451173782348633
10.24,2.134876251220703
10.62,6.9508209228515625
9.58,2.032320022583008
7.12,4.490705490112305
8.05,4.458295822143555
10.17,14.14187240600586
10.9,2.3277244567871094
11.45,2.0070056915283203
10.07,8.38424301147461
10.36,2.6420764923095703
11.1,7.878686904907227
10.75,1.0408821105957031
11.52,1.1007308959960938
10.08,1.2551469802856445
11.48,1.9031257629394531
11.41,0.724273681640625
11.8,2.512662887573242
11.96,2.093263626098633
13.24,2.7339038848876953
10.51,8.17430305480957
15.16,10.900876998901367
10.02,4.622894287109375
13.07,5.490331649780273
10.99,6.714078903198242
10.68,6.671457290649414
12.98,2.0080089569091797
11.47,1.2705192565917969
10.13,4.227823257446289
11.26,3.3570327758789062
10.07,0.3042755126953125
13.21,1.6192436218261719
0.64,5.025708198547363
11.56,13.846769332885742
9.73,5.903078079223633
10.88,5.935800552368164
9.81,4.414600372314453
11.55,2.3565330505371094
7.15,3.3317337036132812
10.05,6.379938125610352
7.68,3.183229446411133
11.86,4.389225006103516
11.27,1.9288139343261719
8.71,10.479562759399414
11.61,4.740270614624023
0.54,5.27469539642334
10.73,1.5144004821777344
10.2,1.8072338104248047
8.54,0.9267292022705078
10.11,1.0919075012207031
10.06,0.9935569763183594
6.98,4.847497940063477
10.5,0.8664665222167969
10.48,4.335872650146484
11.7,0.007152557373046875
8.34,0.48897361755371094
10.92,0.46649932861328125
10.84,2.9816856384277344
10.99,9.687541961669922
10.19,0.9652671813964844
8.26,4.006067276000977
8.48,2.4223785400390625
12.06,4.071815490722656
10.25,3.758594512939453
15.64,7.517000198364258
14.01,2.897716522216797
8.89,6.035551071166992
11.68,1.1969928741455078
9.42,7.828218460083008
10.26,0.7902336120605469
11.39,1.7949237823486328
11.56,4.540409088134766
10.41,4.146324157714844
10.7,0.0038661956787109375
10.19,8.926351547241211
6.96,6.652845859527588
12.99,5.037776947021484
11.23,2.5642967224121094
11.43,15.016838073730469
11.3,0.40715599060058594
14.08,0.04467010498046875
10.92,1.7517738342285156
12.03,3.996328353881836
10.41,3.0711936950683594
10.91,1.5080032348632812
9.92,11.423627853393555
9.85,8.547760009765625
10.33,0.0293426513671875
9.67,1.3323593139648438
10.94,0.3445930480957031
12.07,4.434019088745117
12.4,0.7692489624023438
11.48,2.286651611328125
11.26,2.591838836669922
11.19,3.8192310333251953
11.34,3.4355316162109375
11.16,12.390148162841797
12.4,4.077047348022461
13.59,1.5439376831054688
10.46,5.950754165649414
8.54,8.87980842590332
11.11,0.20541000366210938
10.61,5.224447250366211
8.63,1.0732059478759766
10.22,12.740978240966797
10.44,2.3099308013916016
13.43,7.837841033935547
10.95,10.714561462402344
10.66,3.1313552856445312
12.84,10.722055435180664
11.66,3.4044570922851562
10.16,2.5737056732177734
10.14,21.20537567138672
12.36,3.557872772216797
9.83,2.491880416870117
10.69,2.7494659423828125
9.96,3.5033435821533203
10.53,10.581022262573242
10.7,4.094165802001953
11.56,2.8491287231445312
6.97,3.5928454399108887
10.21,3.9761886596679688
10.14,2.0434303283691406
14.0,2.025432586669922
11.71,4.872669219970703
10.26,5.359233856201172
11.5,6.294189453125
11.34,2.347614288330078
11.51,7.381124496459961
8.92,6.308736801147461
10.35,1.0733604431152344
11.54,14.266395568847656
12.2,2.6393394470214844
15.11,7.078433990478516
11.53,0.7920570373535156
10.49,4.044687271118164
14.52,7.5784149169921875
11.57,1.7727088928222656
12.65,0.9810085296630859
6.99,4.639108180999756
12.03,3.0331974029541016
12.25,4.71600341796875
10.47,3.650127410888672
10.65,21.62743377685547
12.97,0.24660682678222656
12.28,2.3232688903808594
11.45,18.110980987548828
11.37,3.4956512451171875
12.21,2.203693389892578
0.59,2.3753466606140137
10.54,1.0321388244628906
13.79,2.2253036499023438
11.48,1.9129905700683594
0.86,3.692781448364258
8.09,3.257495880126953
11.59,4.808406829833984
11.96,2.182971954345703
11.33,1.3692169189453125
11.96,4.39356803894043
10.99,3.551624298095703
10.54,3.0403785705566406
10.29,2.48809814453125
11.08,3.888519287109375
6.63,0.636775016784668
9.78,5.476091384887695
9.78,3.847911834716797
14.78,0.153656005859375
11.92,5.210174560546875
0.79,4.168717384338379
10.5,1.9861030578613281
10.74,2.3278560638427734
14.16,0.13381576538085938
11.37,1.8495159149169922
10.45,0.7240200042724609
10.34,4.882671356201172
14.45,3.0356826782226562
10.33,4.823085784912109
9.79,9.88559341430664
11.48,3.1853485107421875
10.64,1.3639450073242188
8.41,0.40456295013427734
10.56,1.2217578887939453
10.48,0.45168495178222656
11.27,1.71185302734375
11.36,2.818204879760742
14.08,2.5966758728027344
10.27,4.666698455810547
12.01,1.2106246948242188
9.36,3.4521656036376953
11.52,0.12297248840332031
11.36,1.0642433166503906
10.18,0.7316246032714844
11.77,1.0987777709960938
3.21,5.1253767013549805
9.97,4.220851898193359
10.43,6.90776252746582
10.11,4.960868835449219
10.97,0.7897357940673828
10.43,7.013833999633789
10.78,9.375713348388672
14.63,2.8087120056152344
9.79,0.2689685821533203
11.11,9.228849411010742
12.45,1.7148246765136719
11.23,0.03566741943359375
11.19,4.494850158691406
12.32,3.0886802673339844
14.91,10.990554809570312
10.98,3.0192737579345703
8.67,1.8833389282226562
10.81,25.926620483398438
14.63,9.995872497558594
12.53,8.559181213378906
8.54,6.429286956787109
10.75,2.62396240234375
12.13,5.490854263305664
10.82,0.8227519989013672
9.22,5.536979675292969
11.36,13.060953140258789
12.21,4.564119338989258
12.07,3.1482677459716797
11.59,1.6028614044189453
0.73,4.737527847290039
11.56,5.483329772949219
11.49,7.59759521484375
11.28,2.4832115173339844
8.22,9.085838317871094
12.23,6.20604133605957
11.0,0.5618267059326172
9.68,15.619447708129883
10.36,1.1508102416992188
10.34,9.272600173950195
9.81,7.565620422363281
14.61,2.587718963623047
10.88,6.474199295043945
10.98,7.190420150756836
9.76,0.4171257019042969
11.12,3.0069122314453125
9.44,4.868442535400391
11.27,4.274387359619141
7.15,0.7455539703369141
11.81,1.1932907104492188
9.11,0.7069282531738281
10.09,10.69780158996582
11.04,0.4511146545410156
6.92,3.4672651290893555
10.46,10.265186309814453
13.84,0.8142318725585938
10.42,10.683391571044922
11.9,0.4803752899169922
10.48,4.583156585693359
10.48,7.020179748535156
8.7,0.6140537261962891
10.32,7.764028549194336
11.33,1.5065956115722656
13.05,7.783954620361328
10.42,4.235133171081543
12.14,3.5063400268554688
11.68,14.4862060546875
10.92,3.333690643310547
10.33,0.6422348022460938
9.86,3.6795654296875
11.82,2.955585479736328
10.83,1.8462409973144531
11.83,2.9432754516601562
11.25,1.4752998352050781
11.64,5.5575714111328125
10.36,3.878213882446289
8.23,2.0657520294189453
11.36,10.209892272949219
10.42,4.411306381225586
7.27,4.490226745605469
10.45,0.5250520706176758
14.67,5.865360260009766
11.92,2.697317123413086
12.69,7.103992462158203
11.41,2.8454627990722656
11.27,2.0988903045654297
13.13,1.5329303741455078
9.72,1.9547443389892578
10.86,4.322992324829102
10.13,2.3744583129882812
10.69,0.08833122253417969
13.98,1.3874015808105469
12.14,4.904699325561523
11.78,3.030193328857422
10.27,8.293960571289062
11.25,2.779264450073242
9.83,1.2747821807861328
11.35,1.6584510803222656
8.34,2.0214176177978516
10.7,3.506418228149414
12.67,2.8767471313476562
11.56,6.237436294555664
12.69,0.023975372314453125
6.72,5.131187438964844
11.72,15.153066635131836
9.5,8.553672790527344
11.99,3.630237579345703
11.73,4.6678466796875
10.48,2.916463851928711
11.57,25.958141326904297
11.12,6.473785400390625
10.53,2.7106876373291016
13.56,1.685739517211914
13.78,2.962299346923828
11.4,5.747707366943359
12.19,4.89801025390625
9.84,3.0821170806884766
13.71,0.031040191650390625
9.41,2.4993553161621094
13.36,2.416788101196289
12.74,1.2389488220214844
9.7,2.911245346069336
8.61,13.158815383911133
11.62,18.53106689453125
10.05,2.302967071533203
8.67,0.6052627563476562
13.82,6.385358810424805
9.9,0.9821434020996094
10.32,2.9887924194335938
10.93,2.7493629455566406
11.99,3.7545108795166016
10.66,1.6450386047363281
11.83,1.7655010223388672
10.56,2.5398941040039062
9.77,2.354520797729492
10.04,2.8507843017578125
10.87,11.511005401611328
11.66,1.0160770416259766
10.78,7.974674224853516
12.1,15.434770584106445
11.52,1.3815193176269531
5.31,9.791536331176758
11.41,2.316669464111328
13.86,2.2799644470214844
8.39,1.0319900512695312
13.04,4.026248931884766
12.73,5.032459259033203
12.31,0.12102127075195312
10.52,1.0642929077148438
10.58,2.78228759765625
10.92,7.239204406738281
12.97,0.7488651275634766
9.51,0.5857067108154297
10.5,3.34454345703125
11.51,0.8519363403320312
10.63,1.8270492553710938
10.02,2.8589553833007812
11.57,1.7773513793945312
11.13,1.8874645233154297
0.63,2.5914299488067627
9.43,2.692464828491211
9.64,4.267045974731445
8.6,1.2761993408203125
11.54,7.469076156616211
4.09,1.491344928741455
11.97,3.0605316162109375
11.73,2.2202892303466797
10.36,22.585731506347656
11.11,2.4919509887695312
11.82,1.3534393310546875
12.65,1.4335880279541016
11.86,5.888681411743164
6.82,1.7906265258789062
10.8,2.3029003143310547
11.2,1.2624683380126953
10.5,3.5926036834716797
11.44,11.75160026550293
11.72,0.027502059936523438
7.4,3.3104286193847656
10.3,2.3912906646728516
10.15,4.021781921386719
8.06,5.165349006652832
6.8,0.2662944793701172
10.61,1.2457809448242188
11.9,2.0160274505615234
10.93,3.130147933959961
11.47,0.5816631317138672
10.04,12.071853637695312
11.85,7.009777069091797
7.66,6.222148895263672
14.45,12.334579467773438
9.5,3.624025344848633
10.13,1.8508377075195312
11.32,1.265726089477539
9.25,8.501424789428711
14.75,9.318925857543945
11.78,3.286661148071289
13.04,2.318767547607422
11.11,2.2637939453125
12.39,8.001827239990234
11.09,6.988285064697266
10.18,1.0465583801269531
10.27,3.28656005859375
10.83,1.1244049072265625
8.8,7.138805389404297
11.61,1.6070022583007812
6.64,2.4255361557006836
10.57,1.4309158325195312
11.6,2.101940155029297
9.61,8.037437438964844
10.16,1.8736286163330078
11.8,4.831207275390625
11.3,0.8053150177001953
9.94,8.135040283203125
13.74,0.8984165191650391
6.89,4.941067695617676
7.2,3.752103805541992
11.71,5.9757080078125
10.92,1.940948486328125
11.87,0.5021648406982422
11.2,2.2607154846191406
6.63,3.4479904174804688
11.02,3.3508338928222656
13.64,2.0876121520996094
10.22,4.116542816162109
11.23,1.6216697692871094
9.3,6.877431869506836
9.98,1.0862770080566406
10.87,6.577339172363281
10.73,1.7168502807617188
11.2,1.665618896484375
10.14,7.804426193237305
10.08,2.4214229583740234
12.23,6.909677505493164
10.22,1.7171077728271484
6.69,2.6851348876953125
8.58,3.3934268951416016
10.23,7.808383941650391
11.22,1.2368927001953125
11.05,3.85284423828125
8.98,5.787467956542969
8.68,3.7277755737304688
8.79,11.235652923583984
11.41,0.14043045043945312
12.45,5.883417129516602
11.52,2.7861270904541016
14.09,4.143056869506836
11.49,1.2757377624511719
12.02,1.8489360809326172
8.42,4.278858184814453
10.56,2.3581085205078125
10.48,7.971475601196289
12.41,1.7068443298339844
8.83,6.571662902832031
11.97,3.2726879119873047
8.5,0.49230003356933594
12.09,2.8457374572753906
8.14,0.08182525634765625
11.71,0.273223876953125
8.68,0.4746131896972656
8.3,4.407858848571777
15.09,10.100772857666016
12.06,0.2608680725097656
11.6,9.522438049316406
7.27,4.895524978637695
10.21,0.5471305847167969
7.17,1.3495450019836426
11.67,3.3039703369140625
6.55,0.7617497444152832
7.83,5.102357864379883
13.77,7.078876495361328
11.49,0.8152427673339844
8.27,2.810548782348633
9.95,3.7411041259765625
10.6,0.7279071807861328
11.39,3.304960250854492
11.91,1.6087684631347656
12.14,5.744062423706055
10.77,2.9398193359375
14.05,6.521236419677734
10.62,3.3900136947631836
10.05,3.0696182250976562
11.21,1.2773818969726562
9.58,6.013099670410156
10.55,0.2001514434814453
13.79,0.9593620300292969
7.04,2.5084896087646484
10.23,2.1786632537841797
10.4,1.2219047546386719
10.77,6.391778945922852
9.78,8.589298248291016
11.93,15.820770263671875
8.65,1.1940269470214844
10.34,6.8844146728515625
10.19,0.5705585479736328
10.19,17.819087982177734
11.88,6.3057098388671875
11.55,9.75991439819336
12.08,4.904607772827148
11.42,6.375205993652344
9.65,6.735881805419922
13.61,6.256168365478516
10.81,9.140373229980469
10.56,0.2307281494140625
7.2,3.6616954803466797
11.96,0.6493511199951172
9.11,6.133995056152344
8.63,2.261625289916992
11.2,4.296159744262695
14.12,4.309757232666016
10.21,5.110322952270508
10.67,8.454557418823242
9.3,8.798019409179688
11.35,0.1786479949951172
11.35,2.4495620727539062
14.95,8.590068817138672
9.93,2.5341663360595703
10.99,14.24588394165039
10.39,3.7084484100341797
8.81,7.6785430908203125
10.17,3.7883472442626953
11.47,1.1334152221679688
9.98,5.216064453125
13.6,1.1021080017089844
8.69,2.908477783203125
11.1,1.3867549896240234
10.2,1.0865097045898438
10.91,8.648836135864258
10.11,2.274005889892578
10.08,8.764633178710938
0.59,2.59008526802063
6.74,0.7486839294433594
10.7,4.915088653564453
11.55,3.0150146484375
11.19,6.759061813354492
10.07,3.601978302001953
10.32,0.6303882598876953
10.47,4.936733245849609
11.52,4.763986587524414
11.92,0.07259368896484375
6.84,0.583460807800293
10.86,3.7711830139160156
10.25,1.222433090209961
10.72,0.45442962646484375
10.83,4.297946929931641
10.36,7.233476638793945
11.03,3.217060089111328
11.05,0.3892803192138672
10.51,0.4754791259765625
11.47,1.5912303924560547
12.04,3.266643524169922
10.16,0.5303421020507812
10.54,5.016965866088867
10.79,2.6928653717041016
11.3,0.885833740234375
10.0,2.108335494995117
13.75,4.356357574462891
10.81,3.0281448364257812
6.72,0.38902807235717773
9.3,7.983419418334961
10.77,2.801603317260742
12.24,4.559274673461914
10.12,1.6063976287841797
9.19,1.1412029266357422
11.62,12.403827667236328
11.29,2.546802520751953
10.54,2.6745948791503906
10.6,4.966007232666016
10.53,1.7624225616455078
12.88,0.06653594970703125
11.35,0.1013946533203125
11.49,2.4040603637695312
10.94,0.14558792114257812
6.69,1.334301471710205
12.61,3.6137313842773438
10.43,2.587005615234375
11.15,3.8522777557373047
11.62,0.22262001037597656
9.93,2.906007766723633
10.59,1.4048194885253906
10.83,10.138648986816406
11.28,0.9809074401855469
11.26,1.7674236297607422
14.7,3.2766876220703125
8.67,3.072183609008789
7.8,0.4018211364746094
10.52,10.128734588623047
9.97,1.4302845001220703
11.6,1.5692710876464844
11.3,3.780864715576172
10.35,0.7393722534179688
4.24,4.719885349273682
11.76,24.270580291748047
7.24,5.598757743835449
11.38,3.2721290588378906
11.32,3.3012638092041016
10.73,3.5755395889282227
10.94,4.731456756591797
9.65,4.914127349853516
10.23,1.9294986724853516
10.54,8.977642059326172
7.72,1.40704345703125
10.41,8.723001480102539
12.05,4.605934143066406
10.29,0.9637947082519531
11.14,0.06480979919433594
8.88,7.222133636474609
13.86,2.486797332763672
9.81,5.436653137207031
10.88,8.230003356933594
0.61,4.63933801651001
9.91,0.028667449951171875
12.99,2.279003143310547
11.29,5.104646682739258
11.96,2.8577842712402344
10.4,0.9385986328125
13.3,5.380577087402344
9.55,8.038389205932617
14.38,0.11532974243164062
11.76,5.983180999755859
9.53,1.0503921508789062
8.6,1.3711910247802734
10.53,6.950794219970703
9.82,2.132314682006836
9.91,0.4710693359375
9.74,8.363670349121094
11.62,2.0741615295410156
4.45,2.21390962600708
7.3,5.6494269371032715
10.65,2.085742950439453
9.78,10.117854118347168
10.18,1.381439208984375
11.57,1.7036857604980469
10.52,5.016794204711914
10.4,0.7978992462158203
0.7,5.075416088104248
6.34,14.660293579101562
7.73,0.04805755615234375
11.16,0.26680755615234375
6.67,2.88834285736084
10.52,0.7026786804199219
12.07,12.24768352508545
10.56,1.6397781372070312
9.9,3.727231979370117
1.4,3.66178035736084
11.84,5.387441635131836
11.1,4.050718307495117
10.28,4.357048034667969
12.0,4.809762954711914
6.56,3.589324474334717
13.88,1.242401123046875
8.95,12.178942680358887
11.79,6.214910507202148
8.25,4.714691162109375
11.08,6.686864852905273
10.66,0.3531455993652344
11.08,5.338045120239258
13.9,0.6346282958984375
10.05,1.6286849975585938
8.35,4.144582748413086
10.49,2.5688610076904297
10.29,5.054861068725586
11.6,14.479875564575195
8.43,4.177146911621094
7.61,4.778141021728516
10.1,0.8395671844482422
13.82,4.649335861206055
11.66,7.770318984985352
0.66,4.454103469848633
6.35,4.342897415161133
14.48,9.517427444458008
10.11,0.5422248840332031
10.71,8.998104095458984
0.58,2.908024549484253
10.91,1.6405792236328125
11.78,18.615360260009766
10.63,1.1083259582519531
8.69,4.946697235107422
12.13,3.8175411224365234
12.12,3.0306243896484375
10.63,3.0460777282714844
11.43,6.838056564331055
11.27,2.5513229370117188
10.21,3.879901885986328
11.09,8.7738037109375e-05
11.96,3.8296890258789062
1.44,4.959479808807373
13.26,5.265350341796875
10.58,3.4136009216308594
7.93,5.363164901733398
10.31,1.7119064331054688
10.81,2.0904178619384766
10.44,10.521543502807617
11.59,1.6225738525390625
10.45,2.7016754150390625
11.12,4.59056282043457
9.98,7.699056625366211
5.96,8.905451774597168
12.09,2.7944488525390625
10.91,1.5594158172607422
10.47,1.229848861694336
10.03,2.7704925537109375
9.75,4.353361129760742
10.98,12.374725341796875
11.61,2.4509506225585938
11.31,5.848482131958008
10.26,8.313398361206055
6.62,0.868227481842041
13.1,0.8407363891601562
11.76,4.9306182861328125
10.91,3.314373016357422
14.84,9.658884048461914
10.22,3.86077880859375
10.06,13.430490493774414
9.97,3.0651683807373047
11.86,0.36093902587890625
10.59,10.246652603149414
9.84,7.560312271118164
11.68,5.278095245361328
8.82,4.2062835693359375
10.3,2.8285369873046875
11.44,2.410310745239258
9.02,0.8379592895507812
9.96,10.049993515014648
11.31,3.3967018127441406
11.67,3.7858238220214844
14.41,1.3022384643554688
11.64,1.8403511047363281
9.26,5.642086029052734
10.51,4.114889144897461
11.0,16.838878631591797
10.78,8.350799560546875
14.09,10.530189514160156
12.16,3.650196075439453
10.64,5.1690216064453125
15.64,3.941478729248047
10.29,0.8640499114990234
10.81,0.43895721435546875
14.73,3.0532188415527344
11.7,2.486217498779297
11.15,3.6351242065429688
10.33,2.1626319885253906
12.5,12.353752136230469
10.12,12.884988784790039
1.45,4.817442417144775
9.0,5.490959167480469
11.55,2.007669448852539
0.5,2.4975039958953857
12.91,0.6926193237304688
9.16,7.262554168701172
10.25,2.415424346923828
6.46,7.84041166305542
10.19,4.415401458740234
6.56,1.3040595054626465
14.85,9.446617126464844
9.61,3.4798030853271484
11.98,2.9379215240478516
11.58,1.3236808776855469
0.6,3.1879541873931885
10.82,5.216390609741211
11.03,1.3395462036132812
8.8,2.878690719604492
12.5,0.5992012023925781
8.35,0.28716468811035156
13.92,0.3822822570800781
6.55,3.7509326934814453
7.22,4.925724029541016
10.74,3.007413864135742
10.4,0.7378444671630859
9.82,2.7576446533203125
9.91,0.03858757019042969
11.21,7.0205078125
11.47,5.3087615966796875
11.81,1.3816452026367188
10.52,5.455894470214844
12.63,2.7534313201904297
10.67,4.060859680175781
10.47,3.4869155883789062
12.15,1.9492206573486328
10.4,0.9249286651611328
10.42,7.338720321655273
8.8,1.9196662902832031
10.44,3.759126663208008
9.22,8.83371353149414
10.25,15.655086517333984
9.95,5.736948013305664
13.01,8.612659454345703
11.44,0.2886466979980469
9.87,3.133586883544922
10.02,0.7165813446044922
12.61,11.757354736328125
10.93,4.118534088134766
8.49,3.1311683654785156
11.57,2.3719863891601562
13.69,0.9008140563964844
6.59,2.943113327026367
10.22,2.6565189361572266
9.19,8.497671127319336
9.85,2.8649139404296875
11.77,3.414632797241211
13.71,4.768836975097656
11.63,0.6095962524414062
10.48,6.419878005981445
9.99,7.787885665893555
12.04,3.7274513244628906
11.32,3.265195846557617
14.91,11.08668327331543
10.47,3.2535839080810547
10.24,24.144725799560547
11.03,8.37551498413086
6.89,4.5938544273376465
8.36,8.874435424804688
6.59,0.8234062194824219
11.28,15.139347076416016
7.1,3.254958152770996
12.18,5.66901969909668
8.59,2.299365997314453
0.63,4.665939807891846
11.88,2.725433349609375
10.96,2.315023422241211
10.71,5.473691940307617
10.73,1.8137168884277344
10.53,3.4287681579589844
11.29,13.467636108398438
13.84,2.3608970642089844
11.43,2.7349910736083984
14.63,8.256427764892578
7.05,3.6982975006103516
11.77,2.7132530212402344
8.47,3.406393051147461
11.16,2.213909149169922
11.95,1.7101669311523438
10.97,6.180440902709961
11.74,4.3645782470703125
11.87,1.2856616973876953
10.76,1.3906478881835938
7.12,3.88818359375
12.08,4.657072067260742
10.46,4.253669738769531
10.27,12.706539154052734
11.0,0.9981784820556641
11.22,6.466274261474609
11.05,0.21739959716796875
12.76,2.9688758850097656
14.39,7.2682342529296875
11.86,5.836851119995117
11.65,5.824542999267578
10.26,2.695272445678711
10.27,0.2600059509277344
10.63,0.41301727294921875
14.08,2.670604705810547
9.93,2.2423973083496094
11.46,8.300823211669922
8.61,2.550985336303711
10.38,2.802837371826172
6.84,0.8136305809020996
12.76,4.139945983886719
9.13,7.897298812866211
9.11,7.736789703369141
9.94,4.71068000793457
12.31,4.91197395324707
10.83,1.410125732421875
9.68,5.991695404052734
7.98,1.387960433959961
10.53,5.8194732666015625
11.36,1.7879524230957031
8.5,0.14585113525390625
10.76,4.219257354736328
11.65,0.6583328247070312
12.09,5.8463134765625
9.85,1.2674999237060547
9.84,7.8802642822265625
11.18,4.649198532104492
9.42,1.0598468780517578
9.6,4.116495132446289
9.6,4.62744140625
12.4,5.45182991027832
10.22,3.268230438232422
6.22,2.662843704223633
8.25,3.161092758178711
11.78,1.2312850952148438
10.75,3.035919189453125
10.13,5.21990966796875
10.53,0.9209556579589844
10.83,9.85145378112793
6.75,0.6339483261108398
1.33,2.254703998565674
8.04,0.5819606781005859
11.06,2.7235279083251953
14.93,6.915668487548828
11.45,6.88232421875
12.04,3.5517730712890625
10.13,18.12476348876953
13.97,12.415515899658203
10.52,6.045263290405273
8.3,17.006458282470703
10.78,6.975496292114258
10.61,1.3993148803710938
10.52,4.556888580322266
13.71,1.3221893310546875
11.61,0.40558624267578125
8.17,2.1549320220947266
11.57,5.782661437988281
10.96,5.733268737792969
10.21,4.3343505859375
8.42,3.5239734649658203
9.92,5.851213455200195
10.34,10.445611953735352
12.09,3.865802764892578
10.44,3.6076183319091797
15.0,3.6267471313476562
11.97,14.628950119018555
10.1,4.581512451171875
10.5,4.027193069458008
8.86,8.25600814819336
11.9,4.131902694702148
12.68,1.757822036743164
11.67,1.3935775756835938
11.71,2.1215076446533203
12.12,2.5426273345947266
8.57,9.511285781860352
10.86,2.3731746673583984
9.93,0.8270149230957031
8.79,4.881769180297852
8.58,1.1795520782470703
10.42,5.387615203857422
11.05,6.72477912902832
14.07,1.4760551452636719
15.49,5.431789398193359
10.33,12.131357192993164
11.71,3.6632823944091797
11.19,0.9611701965332031
6.89,5.6219258308410645
10.49,1.0581245422363281
10.68,3.0871009826660156
12.05,3.739288330078125
10.77,11.165872573852539
9.08,4.807409286499023
10.04,2.572366714477539
11.39,10.825136184692383
8.11,0.8593940734863281
9.91,0.5708866119384766
11.64,5.7441864013671875
15.08,3.9359474182128906
8.97,15.285696029663086
11.04,0.9680061340332031
11.32,18.235883712768555
11.49,8.448684692382812
6.71,0.921785831451416
7.71,3.954629898071289
9.93,1.2472209930419922
11.8,10.844253540039062
12.21,1.3939876556396484
10.32,0.5206527709960938
9.74,16.653030395507812
8.61,7.051263809204102
14.2,0.5995407104492188
14.54,10.825113296508789
11.69,4.19975471496582
10.63,3.819917678833008
11.52,3.5136280059814453
10.41,4.405525207519531
12.44,0.2847919464111328
10.43,3.8848838806152344
0.77,2.4535226821899414
12.1,1.8278026580810547
11.18,1.6992416381835938
10.47,2.423473358154297
10.63,9.578481674194336
1.13,3.3729398250579834
10.0,1.4599494934082031
10.94,4.040287017822266
10.91,1.6615638732910156
12.46,2.376668930053711
12.41,7.845420837402344
9.57,7.968818664550781
11.68,4.518556594848633
9.87,4.121360778808594
11.21,0.3858833312988281
10.3,1.0195960998535156
12.34,11.264005661010742
10.24,2.083721160888672
10.98,10.765796661376953
13.89,1.228729248046875
11.87,6.155429840087891
10.35,1.279001235961914
9.27,4.243539810180664
14.69,0.7172088623046875
9.93,0.3229217529296875
11.08,1.5272674560546875
10.28,8.815397262573242
11.27,0.6884136199951172
10.2,0.5317153930664062
10.01,4.576263427734375
9.12,1.0825157165527344
10.45,4.614788055419922
9.22,12.102304458618164
11.42,0.8119697570800781
11.35,0.11685943603515625
10.87,2.6141128540039062
7.79,1.2652511596679688
11.35,1.7963523864746094
10.09,3.2126731872558594
8.78,6.40955924987793
10.72,0.9551811218261719
12.34,0.010702133178710938
10.66,1.2385520935058594
11.09,6.966316223144531
10.82,2.5128211975097656
11.48,4.800895690917969
8.94,10.512760162353516
10.09,0.014678955078125
11.75,0.010690689086914062
10.63,9.007776260375977
12.47,2.098644256591797
11.63,1.2216434478759766
10.18,13.643808364868164
11.47,3.3151206970214844
13.56,3.8258132934570312
12.04,4.006290435791016
10.91,6.924583435058594
10.35,1.6528034210205078
9.09,6.067140579223633
10.87,3.117656707763672
11.55,0.8444690704345703
8.53,0.9380168914794922
11.13,0.3565177917480469
14.84,4.204204559326172
8.19,0.6938591003417969
15.21,8.68881607055664
10.83,4.994195938110352
10.55,2.138294219970703
8.16,6.233455657958984
11.06,0.4418506622314453
10.5,3.280637741088867
10.98,2.309856414794922
6.62,0.3102898597717285
6.69,3.418212890625
12.02,2.658266067504883
11.24,2.6626510620117188
10.5,2.142854690551758
9.96,0.3972969055175781
13.68,2.3192787170410156
10.54,2.7243175506591797
10.24,6.01567268371582
10.1,4.151836395263672
10.28,3.1382808685302734
9.09,7.103887557983398
8.28,2.0560903549194336
10.72,0.038211822509765625
10.37,1.4261589050292969
10.53,3.9928817749023438
11.53,1.0034046173095703
6.33,7.882898330688477
13.4,2.571928024291992
11.23,1.6935367584228516
10.29,4.459028244018555
10.73,21.8258113861084
11.45,1.8671798706054688
12.09,6.1988525390625
11.76,2.4317550659179688
6.79,0.22529220581054688
13.23,0.31072235107421875
10.79,1.2446117401123047
7.18,5.849084854125977
10.28,2.4544334411621094
10.61,3.7612552642822266
6.91,5.558881759643555
12.47,2.4338912963867188
7.04,4.066375732421875
11.46,3.0693416595458984
10.52,2.9492721557617188
11.94,2.1431522369384766
6.7,0.2681465148925781
11.63,13.806846618652344
11.07,4.082902908325195
15.15,9.208036422729492
10.02,2.472270965576172
11.58,2.565580368041992
6.91,4.349618911743164
9.56,0.2402477264404297
10.62,3.797933578491211
10.59,0.7912654876708984
11.23,3.861724853515625
13.73,1.4241104125976562
10.26,2.6491622924804688
13.65,2.1974449157714844
12.63,4.017337799072266
15.16,10.514135360717773
11.8,4.566717147827148
10.73,2.871929168701172
14.56,11.957586288452148
10.75,5.9334259033203125
11.95,3.5126571655273438
6.61,0.5415687561035156
11.03,0.3284187316894531
12.37,2.107240676879883
8.7,3.736377716064453
11.84,4.899936676025391
13.3,0.12016677856445312
11.57,1.1790313720703125
11.91,3.205028533935547
10.51,0.0068340301513671875
11.13,1.9910392761230469
6.9,2.85723876953125
10.47,5.585458755493164
11.86,5.205257415771484
11.9,1.8454856872558594
10.74,6.690494537353516
11.58,1.7816581726074219
6.4,7.131603240966797
10.48,5.128225326538086
10.91,5.068693161010742
10.28,0.8700485229492188
12.0,3.2277164459228516
11.87,1.7226181030273438
7.42,5.353837013244629
12.03,4.734376907348633
11.38,0.4689979553222656
10.67,1.6267471313476562
10.98,4.915779113769531
11.44,2.7682533264160156
10.86,0.8296718597412109
11.81,14.733110427856445
12.13,0.5312652587890625
10.36,5.666404724121094
10.55,22.19622802734375
10.28,3.466329574584961
7.71,0.9117908477783203
11.61,3.294055938720703
6.81,6.365014553070068
10.2,4.569561004638672
10.42,3.491069793701172
8.59,1.233957290649414
6.92,3.723161220550537
9.49,4.507822036743164
11.25,0.5248680114746094
14.21,13.011066436767578
10.39,6.122936248779297
11.57,0.7446651458740234
10.04,2.348003387451172
11.42,14.007146835327148
11.33,2.5850982666015625
14.31,0.2826118469238281
10.65,1.2236385345458984
11.4,0.050861358642578125
14.96,7.009864807128906
10.02,1.5401020050048828
10.05,2.0167922973632812
10.19,2.9982662200927734
11.21,1.7780418395996094
9.89,2.5762252807617188
8.23,0.674835205078125
11.68,4.198465347290039
11.38,3.7206993103027344
12.68,4.896585464477539
10.47,4.264184951782227
9.84,1.7498779296875
11.13,6.9222259521484375
9.98,1.613332748413086
10.55,9.933904647827148
10.22,4.0640106201171875
8.41,9.129470825195312
10.52,3.6618518829345703
6.1,0.9562525749206543
9.73,6.955345153808594
11.61,2.6676597595214844
10.3,3.651439666748047
13.69,12.120052337646484
7.4,5.356098175048828
6.61,3.677722930908203
11.38,2.27166748046875
11.44,11.804738998413086
6.18,1.7870168685913086
8.97,2.9881725311279297
11.61,4.708368301391602
10.28,5.317039489746094
9.81,1.459259033203125
7.16,4.089703559875488
10.58,0.012868881225585938
10.38,2.54656982421875
10.53,1.6204071044921875
9.13,0.29498863220214844
12.06,1.712270736694336
11.09,5.289854049682617
10.57,6.699256896972656
8.77,2.806314468383789
11.51,0.26055335998535156
11.93,2.776651382446289
0.91,2.4164347648620605
10.14,6.190610885620117
10.42,2.072521209716797
8.52,4.054349899291992
9.77,2.7283668518066406
11.79,3.2244319915771484
4.27,0.6731960773468018
7.96,2.668661117553711
10.95,7.345653533935547
10.95,0.21397018432617188
10.2,1.3864669799804688
11.72,2.114227294921875
11.41,3.195768356323242
10.85,4.103923797607422
8.75,3.1463451385498047
10.05,1.9341917037963867
8.18,4.268552780151367
11.36,4.278371810913086
10.78,1.0570392608642578
11.4,1.5327529907226562
10.71,9.29348373413086
10.47,4.493202209472656
11.16,3.4391860961914062
10.18,0.8076877593994141
8.77,6.822065353393555
10.09,3.1723880767822266
9.86,0.19525527954101562
7.82,2.424680709838867
7.23,2.794053077697754
6.34,0.24260663986206055
10.18,2.875123977661133
13.81,1.3273658752441406
10.27,4.05482292175293
11.66,2.020709991455078
9.74,3.2723445892333984
9.76,8.620794296264648
10.47,2.259378433227539
10.29,5.364559173583984
8.8,7.321990966796875
10.8,3.749988555908203
7.91,1.1581497192382812
11.79,2.565021514892578
11.68,2.5137710571289062
10.25,4.875558853149414
10.21,2.774995803833008
10.15,2.278423309326172
11.57,7.418268203735352
9.34,1.8968257904052734
10.9,5.239248275756836
10.69,1.5936088562011719
6.98,4.940250396728516
15.1,13.893325805664062
11.31,5.550342559814453
10.69,10.939090728759766
10.82,1.6193599700927734
11.06,1.8672161102294922
11.88,0.00302886962890625
9.88,11.000079154968262
11.09,1.6351375579833984
10.24,0.2619342803955078
7.01,4.443802833557129
8.63,8.292985916137695
11.47,1.8580169677734375
10.51,4.460624694824219
11.41,1.4261054992675781
11.28,6.035648345947266
11.48,7.089380264282227
6.61,2.2548933029174805
11.92,2.6161441802978516
7.07,6.26743221282959
9.87,8.644599914550781
11.49,1.3124008178710938
6.49,4.743129730224609
11.32,5.199573516845703
11.03,0.5834236145019531
11.52,5.456417083740234
10.0,10.224809646606445
8.73,3.7343358993530273
8.65,0.5816783905029297
14.7,3.1627655029296875
11.71,0.07784652709960938
8.19,2.1765213012695312
9.9,3.379831314086914
6.78,3.2698211669921875
11.21,1.297445297241211
8.07,5.338343620300293
10.63,8.924678802490234
10.84,0.241851806640625
12.22,2.5257320404052734
12.61,1.8444099426269531
6.93,2.796177864074707
11.83,5.551536560058594
6.35,1.3401975631713867
11.48,4.431501388549805
9.9,1.4349536895751953
4.34,1.8570513725280762
11.25,2.6495532989501953
10.46,0.3643302917480469
15.17,0.2659721374511719
9.22,5.392833709716797
11.73,0.5814399719238281
3.32,5.229345321655273
12.05,5.297285079956055
10.18,3.1493358612060547
9.44,3.861370086669922
10.02,0.7297954559326172
10.55,2.2079544067382812
11.26,5.324886322021484
10.83,1.9314899444580078
10.37,25.441631317138672
11.26,2.148866653442383
8.46,3.197751998901367
10.01,6.080806732177734
10.1,2.984729766845703
10.27,3.7662296295166016
7.18,4.712908744812012
13.88,6.842334747314453
11.04,1.3638534545898438
7.68,4.979402542114258
9.09,5.006063461303711
11.21,3.7884578704833984
14.55,6.700311660766602
11.38,1.0630531311035156
10.04,2.9287242889404297
10.46,1.8538169860839844
4.45,0.04246234893798828
10.36,0.7858314514160156
9.06,4.502439498901367
11.44,1.7512168884277344
13.61,2.122600555419922
10.64,8.747306823730469
11.6,1.9124469757080078
10.95,3.4483871459960938
11.36,0.9387893676757812
10.18,3.831266403198242
6.71,3.543189525604248
13.05,3.488283157348633
9.42,3.756143569946289
15.1,2.3779258728027344
10.3,5.353610992431641
11.72,0.127288818359375
12.07,0.194732666015625
11.42,6.869468688964844
10.33,1.2478199005126953
10.74,1.5426464080810547
12.22,8.194002151489258
12.69,4.473365783691406
14.48,11.857917785644531
10.52,5.212947845458984
11.18,8.505006790161133
10.81,6.741460800170898
12.05,3.045206069946289
10.11,6.585174560546875
11.44,7.918853759765625
14.32,6.4040985107421875
7.74,1.6453132629394531
9.25,4.989744186401367
10.09,1.023681640625
11.28,0.9678230285644531
11.81,1.0989818572998047
14.33,8.341455459594727
9.6,0.37725067138671875
10.76,1.8756942749023438
5.01,7.953128814697266
10.59,1.3902778625488281
10.17,1.1807079315185547
14.72,8.010112762451172
15.03,8.189924240112305
11.32,2.5057296752929688
9.28,4.293558120727539
9.39,3.578108787536621
11.07,11.021465301513672
11.2,2.8456039428710938
12.11,3.221708297729492
10.37,4.212118148803711
10.6,9.369100570678711
9.96,3.123086929321289
14.06,0.46484375
11.51,0.7248802185058594
8.4,4.98649787902832
11.44,3.0894222259521484
10.48,3.060272216796875
14.05,2.7193031311035156
11.49,0.08440208435058594
0.52,2.6490116119384766
9.19,11.917404174804688
10.59,9.920181274414062
12.1,1.2496490478515625
12.23,6.623630523681641
11.0,10.006805419921875
9.91,10.472578048706055
10.15,1.3222732543945312
10.28,4.10862922668457
9.98,2.8741989135742188
4.81,0.911144495010376
11.57,4.225454330444336
11.84,4.744819641113281
10.18,4.559589385986328
14.38,7.656667709350586
8.03,0.8857002258300781
11.35,4.259273529052734
11.84,5.062091827392578
11.26,1.8720703125
11.58,3.5671958923339844
11.99,2.011646270751953
6.7,0.6241593360900879
9.41,2.19403076171875
12.23,12.284141540527344
10.71,7.138936996459961
10.8,11.83419418334961
10.59,3.5662002563476562
12.54,2.4372215270996094
10.76,3.147869110107422
13.63,2.7439041137695312
14.72,9.308855056762695
13.85,0.8934478759765625
7.31,4.076834678649902
12.23,2.5477123260498047
11.56,2.8536338806152344
12.25,2.2078018188476562
12.68,8.771240234375
10.13,1.4492988586425781
11.11,3.226055145263672
10.89,22.15729522705078
9.96,1.9943351745605469
9.81,3.6516990661621094
13.58,2.8207778930664062
10.85,3.2801313400268555
11.9,1.5706806182861328
11.98,7.684114456176758
12.22,3.2746009826660156
12.15,4.330366134643555
8.14,0.7908725738525391
8.51,8.275409698486328
10.59,0.45888710021972656
11.59,2.1955947875976562
11.49,0.4891395568847656
10.69,3.1421356201171875
13.35,1.9650840759277344
8.81,4.164459228515625
8.55,9.550809860229492
14.03,6.067558288574219
10.47,2.6968860626220703
8.56,9.70193862915039
10.67,7.859771728515625
10.48,4.607732772827148
14.62,10.673467636108398
10.74,0.22478866577148438
9.78,5.727781295776367
11.48,2.3790626525878906
8.6,0.8055095672607422
8.91,0.6503314971923828
10.14,5.155808448791504
9.61,3.3578414916992188
6.84,1.7097959518432617
11.67,1.3069343566894531
10.84,21.703672409057617
10.65,2.6158828735351562
9.93,0.13550186157226562
10.42,2.657369613647461
12.01,6.664909362792969
9.02,5.008874893188477
13.12,2.358661651611328
8.58,6.328367233276367
9.23,5.354793548583984
10.76,2.025218963623047
10.83,1.8067550659179688
10.03,3.3464317321777344
14.26,7.483160018920898
11.32,4.662574768066406
11.55,0.5967330932617188
11.93,3.1414756774902344
11.29,5.3764190673828125
12.04,23.17681121826172
10.29,7.3781280517578125
7.87,4.646814346313477
12.82,2.7808971405029297
11.19,1.8554954528808594
14.34,0.6735420227050781
13.75,11.269611358642578
11.78,8.67043685913086
11.0,5.20219612121582
11.65,6.017261505126953
12.18,2.515748977661133
14.59,11.160022735595703
10.04,0.6884422302246094
7.46,5.228395462036133
10.33,8.174825668334961
11.44,4.052389144897461
10.43,0.7881240844726562
10.39,4.121435165405273
11.07,8.25741195678711
12.07,3.053966522216797
10.54,0.0730438232421875
15.0,1.3932838439941406
10.37,9.041482925415039
10.51,1.5041675567626953
10.64,10.45005989074707
10.13,2.647127151489258
11.4,0.9900150299072266
12.0,8.951826095581055
10.82,3.5523338317871094
11.9,6.057695388793945
12.03,5.289758682250977
9.7,2.3849315643310547
11.38,2.6332015991210938
11.03,4.893951416015625
8.52,0.4940452575683594
10.82,4.318073272705078
4.28,1.8362956047058105
10.13,4.29106330871582
11.06,7.213996887207031
10.17,4.0992431640625
10.87,2.0230655670166016
10.67,7.199653625488281
11.42,0.782958984375
11.41,0.7637062072753906
9.64,10.732074737548828
10.46,3.0349044799804688
1.4,3.077765941619873
10.29,4.295372009277344
11.6,2.4409542083740234
11.11,13.692481994628906
10.12,2.254222869873047
10.39,1.85284423828125
11.38,0.19921875
6.83,3.398855686187744
11.45,7.762065887451172
10.18,3.5719661712646484
9.97,1.570333480834961
10.55,1.268019676208496
11.91,1.9215736389160156
10.22,0.4449806213378906
10.69,5.213571548461914
10.81,3.3386783599853516
10.4,0.405242919921875
12.52,6.348417282104492
12.25,7.617362976074219
11.56,5.543251037597656
10.74,1.9165401458740234
6.76,0.9313826560974121
9.12,5.756418228149414
12.6,0.1819019317626953
10.85,4.892864227294922
10.82,11.484912872314453
10.34,2.6496620178222656
11.03,10.878826141357422
6.04,0.3052787780761719
10.18,0.9504680633544922
11.96,11.482545852661133
7.98,0.2942619323730469
11.02,0.5394096374511719
9.34,0.15798377990722656
10.63,1.3468647003173828
9.56,0.25173377990722656
14.31,2.331096649169922
9.37,0.6408491134643555
10.8,6.028505325317383
9.47,6.7356109619140625
11.53,5.814464569091797
12.05,4.837577819824219
9.6,7.292329788208008
10.81,0.8672771453857422
10.31,1.5945167541503906
11.98,2.174112319946289
13.81,0.637939453125
9.84,8.888862609863281
10.44,4.862325668334961
8.76,3.7937259674072266
0.62,2.962280035018921
10.85,4.5684051513671875
11.34,3.5882492065429688
10.51,4.534822463989258
9.48,2.1763877868652344
10.68,0.2510089874267578
10.33,0.7114143371582031
7.08,4.626183986663818
10.83,6.702486038208008
9.92,1.517242431640625
11.44,1.87799072265625
9.62,1.1506423950195312
11.64,1.4759559631347656
11.12,1.4517822265625
11.11,8.751991271972656
11.7,2.260242462158203
10.89,0.0335693359375
0.69,4.692429542541504
10.88,2.6895065307617188
10.42,4.2320404052734375
10.35,1.3837356567382812
10.0,0.5908832550048828
9.04,1.5708885192871094
11.84,5.766483306884766
10.5,5.236103057861328
10.6,1.8206501007080078
10.57,1.8010330200195312
11.48,3.8311100006103516
11.57,14.736858367919922
10.97,4.874448776245117
9.49,5.22308349609375
10.65,1.6414222717285156
10.16,2.235250473022461
11.02,4.232118606567383
11.98,5.033882141113281
11.74,4.207866668701172
10.87,1.1835746765136719
9.45,9.54060173034668
11.52,0.12070846557617188
11.41,1.39398193359375
14.48,13.114187240600586
10.4,0.6898460388183594
15.0,10.540767669677734
10.31,3.83349609375
10.85,1.6912899017333984
10.13,3.5919666290283203
9.6,3.475109100341797
1.52,2.971684694290161
11.33,0.8526344299316406
11.81,0.5658035278320312
11.22,0.5634803771972656
11.67,3.122356414794922
11.58,3.910175323486328
10.17,1.3081073760986328
6.69,5.088618755340576
10.09,4.522623062133789
10.48,4.308713912963867
9.98,4.242755889892578
11.63,2.2134666442871094
10.87,4.527427673339844
10.06,2.245473861694336
1.76,0.877131462097168
11.23,15.701072692871094
10.75,0.7381172180175781
10.7,2.058574676513672
10.1,7.083965301513672
10.42,3.1913700103759766
7.15,2.3120107650756836
9.64,0.3368091583251953
10.89,1.679037094116211
11.8,4.046039581298828
7.79,1.4334468841552734
11.68,0.2480010986328125
11.12,1.1653404235839844
10.36,7.307432174682617
6.84,5.86354398727417
7.97,0.3810596466064453
9.39,4.457206726074219
12.94,6.054737091064453
13.14,3.7228221893310547
11.75,1.104909896850586
11.88,0.48564910888671875
9.75,8.803434371948242
10.33,4.188455581665039
11.07,12.69017219543457
11.39,1.515645980834961
10.49,3.7802047729492188
12.26,6.4350738525390625
11.37,0.7996692657470703
11.3,2.489818572998047
10.55,3.4720001220703125
11.81,2.016918182373047
11.57,3.975980758666992
10.38,2.8610382080078125
10.92,1.3992881774902344
8.5,9.706047058105469
9.96,3.5027408599853516
10.3,4.928487777709961
11.25,0.5349559783935547
11.48,3.2195205688476562
12.0,1.9279937744140625
11.04,3.1200084686279297
9.24,7.326503753662109
10.33,23.66787338256836
11.51,1.8568458557128906
10.56,0.4958000183105469
10.01,19.04595947265625
10.97,2.218780517578125
12.22,2.9282798767089844
10.67,0.46360015869140625
10.74,2.8770599365234375
11.07,5.214786529541016
10.52,3.9050941467285156
10.96,3.34051513671875
12.26,2.164888381958008
11.62,8.870893478393555
13.59,2.6959686279296875
15.2,2.7402267456054688
14.81,8.738693237304688
14.24,6.560737609863281
6.93,3.5315046310424805
11.86,6.003822326660156
15.38,1.8331871032714844
9.62,2.114910125732422
11.35,0.6287727355957031
11.31,2.3882808685302734
6.3,1.1662898063659668
12.69,7.563350677490234
10.96,23.047208786010742
10.62,0.24480247497558594
10.17,0.6424007415771484
12.45,4.4364013671875
11.09,4.208934783935547
9.71,0.03884696960449219
11.56,1.8256797790527344
10.5,5.27931022644043
10.61,0.9767169952392578
10.36,2.534717559814453
12.28,6.294429779052734
14.34,9.688220977783203
10.5,5.778470993041992
11.12,5.70728874206543
11.04,2.635578155517578
11.46,14.024068832397461
10.79,23.167709350585938
9.36,0.8676490783691406
10.93,4.80018424987793
11.71,1.0726814270019531
10.94,1.1108875274658203
11.98,9.311717987060547
10.67,13.36320686340332
12.8,4.156150817871094
11.12,2.883798599243164
11.77,4.730510711669922
10.75,3.7786693572998047
7.37,3.644651412963867
9.35,0.767176628112793
10.89,1.5430145263671875
10.97,1.0425357818603516
9.27,2.5746498107910156
10.7,1.956735610961914
1.29,5.264430046081543
8.01,2.455667495727539
8.49,2.0672378540039062
11.4,4.989690780639648
11.99,0.08538818359375
10.29,3.6067962646484375
9.44,13.041133880615234
8.24,2.6554622650146484
13.38,3.909149169921875
13.55,4.39825439453125
10.21,2.8713417053222656
10.74,10.443950653076172
8.45,6.058055877685547
9.83,2.1385955810546875
13.0,2.0284557342529297
8.71,3.7193450927734375
11.16,2.723611831665039
7.24,1.492569923400879
11.72,1.489095687866211
10.28,5.5688018798828125
10.61,6.010589599609375
12.85,1.2692909240722656
11.62,3.2432422637939453
10.91,0.30096435546875
8.78,7.2725372314453125
13.43,10.763019561767578
8.92,5.361101150512695
9.49,3.6974830627441406
10.24,2.4365081787109375
10.11,13.054523468017578
11.11,4.1691389083862305
14.08,0.37033843994140625
11.15,1.132843017578125
10.82,2.6865310668945312
10.65,2.4080047607421875
10.7,5.385662078857422
10.5,2.4913482666015625
14.49,4.463376998901367
12.03,2.7196006774902344
8.34,0.2736492156982422
6.73,0.5241656303405762
6.45,3.5414934158325195
10.71,0.4956474304199219
8.03,7.4173583984375
8.83,5.8311920166015625
10.01,2.1302547454833984
10.39,4.692499160766602
10.9,5.277578353881836
11.37,0.06185340881347656
6.9,3.3753719329833984
9.13,5.945075988769531
10.62,0.5902309417724609
10.94,7.929716110229492
9.18,5.88751220703125
11.43,1.3858070373535156
0.96,3.690122365951538
11.64,0.7621994018554688
11.51,4.346210479736328
10.85,3.9188270568847656
8.96,0.5181798934936523
10.4,4.242807388305664
12.32,4.906801223754883
11.41,3.023386001586914
11.17,12.061267852783203
10.51,3.940258026123047
8.83,7.021881103515625
9.57,5.440654754638672
11.9,3.013792037963867
14.21,7.9318389892578125
7.03,3.7735724449157715
9.4,6.160942077636719
8.73,0.9461402893066406
0.72,3.6284356117248535
9.53,0.9988842010498047
11.63,1.4773445129394531
1.62,5.869146823883057
9.6,6.221767425537109
10.17,11.29817008972168
11.48,2.577472686767578
9.34,0.6277494430541992
7.93,2.634397506713867
12.26,0.8007087707519531
13.88,0.6233367919921875
10.26,2.7599830627441406
10.4,0.27912139892578125
9.91,2.7301788330078125
11.72,2.4000320434570312
15.51,9.287599563598633
11.68,1.3324928283691406
10.45,1.0914115905761719
10.28,1.1608467102050781
9.94,1.3124637603759766
10.68,1.3177719116210938
11.33,0.4221954345703125
11.0,7.728031158447266
15.26,0.9672508239746094
10.53,3.115795135498047
10.05,0.8067760467529297
10.39,9.483644485473633
10.15,0.5072212219238281
11.53,2.862520217895508
12.08,4.124114990234375
13.61,0.82232666015625
6.84,3.2112340927124023
6.46,0.29065990447998047
10.69,0.9249458312988281
0.65,2.3181068897247314
9.35,0.5757484436035156
10.74,13.628896713256836
14.14,0.2120819091796875
9.62,2.9368114471435547
10.79,22.57323455810547
10.38,7.207607269287109
10.62,2.158029556274414
13.09,8.880990982055664
8.12,1.0825061798095703
11.06,0.3664970397949219
12.71,1.160196304321289
10.86,0.1579113006591797
11.6,1.832427978515625
10.17,6.861593246459961
10.5,0.25396156311035156
13.91,2.3049697875976562
9.54,8.865974426269531
10.45,6.237974166870117
11.24,2.3169288635253906
11.59,0.08365249633789062
11.45,1.7295494079589844
12.09,2.5710792541503906
10.65,0.8441314697265625
7.17,1.8534493446350098
12.93,0.42669677734375
11.95,7.402910232543945
9.71,5.381690979003906
11.76,1.7666244506835938
8.66,2.3332443237304688
10.75,23.425098419189453
10.05,3.870494842529297
12.15,2.784360885620117
14.99,10.806297302246094
9.78,7.111268997192383
11.12,0.7217826843261719
11.68,3.7613983154296875
13.74,3.3194923400878906
9.69,9.044384002685547
8.39,10.751577377319336
11.17,5.665655136108398
10.61,1.954507827758789
11.03,4.029750823974609
8.78,11.149547576904297
7.27,4.604374408721924
11.42,1.3373699188232422
12.1,0.6355247497558594
10.98,23.21451187133789
10.14,3.7652549743652344
10.69,4.88946533203125
12.25,7.7144927978515625
10.12,4.246445655822754
10.52,2.057201385498047
10.8,6.562339782714844
11.89,1.570413589477539
10.47,2.680208206176758
11.07,0.45929908752441406
10.9,5.096887588500977
11.5,1.2966976165771484
9.27,5.610252380371094
10.56,3.3538570404052734
10.01,2.933138847351074
10.68,9.286979675292969
10.55,2.1867332458496094
10.09,1.6222915649414062
14.75,11.264139175415039
11.31,3.5545272827148438
11.9,0.053661346435546875
12.37,0.8011283874511719
11.09,2.1764678955078125
10.81,8.234878540039062
11.32,0.08330345153808594
11.69,3.9413814544677734
11.12,2.583803176879883
11.15,0.708984375
10.35,1.4445877075195312
13.38,4.225429534912109
7.71,3.4512195587158203
11.25,8.468938827514648
6.06,2.74245548248291
10.95,4.849937438964844
9.51,4.206596374511719
9.95,4.650321960449219
9.59,0.5908088684082031
8.34,1.3725166320800781
11.6,4.24998664855957
1.51,4.49635124206543
11.83,2.6542739868164062
4.69,8.608298301696777
9.62,16.0244140625
11.35,12.013164520263672
8.92,9.90573501586914
14.26,0.43956756591796875
11.65,2.4906959533691406
13.82,2.615489959716797
11.23,0.7607192993164062
10.94,3.421750068664551
11.37,6.562412261962891
13.87,0.5932235717773438
11.65,5.508644104003906
9.94,2.219257354736328
11.51,2.2248001098632812
9.97,6.770524978637695
13.17,11.056596755981445
10.52,1.5030364990234375
12.07,1.9338665008544922
10.35,1.2252235412597656
11.03,0.4844322204589844
10.25,2.806743621826172
0.61,4.641406059265137
10.12,0.4415740966796875
12.44,5.35694694519043
11.21,1.5499744415283203
10.98,0.09233665466308594
11.12,1.2106590270996094
10.26,9.562164306640625
11.33,1.2087135314941406
10.28,3.327730178833008
10.57,4.04937744140625
10.48,0.10217857360839844
11.92,0.1575603485107422
12.89,2.407968521118164
10.51,9.783153533935547
11.26,0.7078876495361328
10.6,0.522796630859375
9.28,1.6886234283447266
14.81,5.117603302001953
10.93,2.1135482788085938
12.22,5.835639953613281
14.11,1.2979774475097656
12.04,2.3396835327148438
11.7,0.14298629760742188
8.62,5.797983169555664
13.76,2.082042694091797
10.28,5.189262390136719
10.48,1.4810295104980469
11.56,1.5234546661376953
10.18,1.4547290802001953
10.51,8.867406845092773
11.01,3.327686309814453
13.84,0.7878456115722656
11.62,13.000900268554688
11.23,1.4757118225097656
10.69,11.221660614013672
11.74,2.61224365234375
12.27,6.711711883544922
10.26,0.5979557037353516
8.36,4.859992980957031
12.02,15.962348937988281
10.78,2.135873794555664
8.92,11.076732635498047
12.14,1.0973129272460938
7.13,5.025171756744385
12.53,2.011425018310547
10.65,6.405176162719727
10.53,3.524698257446289
12.54,4.771459579467773
6.89,3.696165084838867
10.6,9.966487884521484
10.03,1.4124717712402344
10.66,5.900634765625
12.28,5.968282699584961
6.88,5.621447563171387
8.68,0.21146392822265625
9.91,4.428600311279297
11.3,1.6545257568359375
14.04,8.162101745605469
6.2,1.5795855522155762
10.93,9.257675170898438
10.49,1.9794464111328125
11.09,1.9685020446777344
12.58,0.8561573028564453
10.44,0.5813636779785156
11.67,4.0668182373046875
10.66,0.2758827209472656
11.61,1.7992668151855469
11.62,3.009492874145508
0.68,4.120676517486572
11.52,3.014802932739258
10.52,3.757923126220703
11.21,12.659982681274414
11.31,1.666036605834961
14.8,1.2098426818847656
9.84,5.442508697509766
10.45,4.0210723876953125
10.35,4.443674087524414
9.37,6.366188049316406
11.8,0.8554286956787109
11.19,2.315746307373047
11.43,2.831209182739258
11.2,8.290765762329102
10.12,0.4132575988769531
9.74,0.9800758361816406
11.74,2.610910415649414
8.43,4.314489364624023
5.1,8.042070388793945
10.29,0.41615867614746094
10.12,6.788728713989258
10.27,4.199599266052246
11.42,0.3754005432128906
10.53,5.754701614379883
11.19,1.6070289611816406
11.27,12.266590118408203
7.45,3.8089704513549805
10.94,1.2120323181152344
10.11,7.429527282714844
14.64,4.986507415771484
10.54,1.2471504211425781
9.88,2.76177978515625
11.87,3.210296630859375
9.08,6.700611114501953
6.47,5.506996154785156
11.27,2.7470130920410156
0.48,2.6764039993286133
11.08,7.715269088745117
9.62,0.37259674072265625
10.33,2.8920974731445312
15.42,5.039897918701172
8.25,7.2702178955078125
11.34,2.290966033935547
11.15,5.682773590087891
9.24,5.380271911621094
11.59,2.187755584716797
10.64,3.392580032348633
7.26,4.0036845207214355
10.32,6.354223251342773
10.44,0.5187511444091797
11.24,2.1860790252685547
11.86,1.8244152069091797
1.26,5.2789998054504395
9.85,7.9007415771484375
10.92,0.21045303344726562
10.25,10.698261260986328
13.19,1.008554458618164
13.94,4.572940826416016
10.87,4.089290618896484
10.67,17.19103240966797
8.57,7.755596160888672
11.42,10.471574783325195
12.8,4.213535308837891
10.66,13.778223037719727
10.58,1.5820083618164062
10.65,4.1184844970703125
9.95,1.5513668060302734
11.65,1.7184410095214844
10.55,1.9695320129394531
8.63,6.952413558959961
9.0,7.264917373657227
9.98,3.349458694458008
11.52,0.6497802734375
10.55,2.4354496002197266
10.27,4.062601089477539
12.16,4.484245300292969
8.95,0.35691070556640625
10.48,7.572994232177734
10.95,1.3742141723632812
11.64,2.2677249908447266
8.5,3.419719696044922
13.2,7.81736946105957
8.74,6.1268463134765625
10.12,5.552637100219727
10.14,3.0439586639404297
11.06,1.0637168884277344
13.75,5.985404968261719
11.57,4.098003387451172
14.5,7.729972839355469
10.65,7.779233932495117
8.81,4.083921432495117
11.42,0.1805438995361328
10.15,0.9354667663574219
10.38,2.8176021575927734
10.75,0.7365837097167969
11.68,1.1225318908691406
11.72,2.9581222534179688
11.09,1.6596603393554688
10.37,4.028816223144531
11.76,2.5959434509277344
10.16,2.3188343048095703
10.51,7.008962631225586
13.18,2.374286651611328
9.74,2.5355796813964844
9.49,8.246891021728516
10.12,1.0398950576782227
10.58,3.5829811096191406
11.38,3.560863494873047
10.28,2.5946388244628906
11.82,0.43427467346191406
12.1,0.5064849853515625
0.69,4.5972747802734375
10.62,0.37786293029785156
8.67,0.8519439697265625
11.4,0.8960609436035156
10.8,4.619710922241211
10.83,0.7952384948730469
12.14,3.895998001098633
13.81,1.629608154296875
11.37,0.09502410888671875
14.63,11.700973510742188
7.06,2.6969900131225586
11.59,2.1622371673583984
12.61,10.47645378112793
10.24,1.3326034545898438
10.94,0.6163578033447266
11.34,9.350339889526367
11.61,4.9759521484375
10.41,3.4022884368896484
10.85,1.8231430053710938
10.46,10.367412567138672
7.74,0.7850513458251953
8.62,6.366796493530273
11.6,0.7953834533691406
7.91,1.7932872772216797
11.27,3.7442665100097656
10.56,10.97751235961914
12.02,4.38427734375
13.11,0.4427833557128906
10.59,8.983348846435547
11.49,9.068962097167969
11.96,6.260812759399414
11.33,1.785858154296875
14.2,1.8648147583007812
10.35,2.404085159301758
0.84,3.312380790710449
10.67,2.0231666564941406
10.81,10.91489028930664
8.52,2.7044849395751953
10.68,5.878246307373047
10.9,1.0639266967773438
11.4,0.15974807739257812
6.77,3.4488725662231445
9.77,2.704000473022461
9.84,3.992412567138672
10.79,0.4472198486328125
11.89,1.8961811065673828
10.28,4.0334014892578125
10.67,7.377376556396484
11.82,3.9829750061035156
11.09,8.471311569213867
11.27,12.559438705444336
9.55,1.732412338256836
11.61,1.9474716186523438
12.01,0.5437583923339844
10.93,1.2086334228515625
10.49,3.830080032348633
9.69,8.380720138549805
9.28,6.803220748901367
10.03,4.294416427612305
11.12,9.80776596069336
10.31,5.735004425048828
9.99,0.44722747802734375
14.17,0.2991371154785156
11.01,0.7369956970214844
8.11,5.648670196533203
11.5,15.336587905883789
10.26,3.288116455078125
10.55,1.4344558715820312
9.08,1.7545280456542969
10.23,10.414459228515625
11.09,6.256969451904297
8.78,7.4144439697265625
10.17,5.931169509887695
9.85,2.1642417907714844
3.88,6.592741012573242
6.66,3.0801191329956055
12.68,9.432249069213867
8.04,2.3271427154541016
6.96,5.187067031860352
11.36,13.532022476196289
9.29,7.038915634155273
9.9,3.963590621948242
10.21,2.5533809661865234
8.09,0.29703426361083984
10.75,0.299835205078125
10.26,4.251289367675781
7.34,4.502891540527344
10.38,3.21710205078125
11.5,2.257495880126953
10.03,7.832553863525391
9.06,0.9551658630371094
10.72,6.222281455993652
10.76,4.802873611450195
10.67,0.17473602294921875
10.6,0.8052768707275391
9.4,3.7089920043945312
10.69,0.4659767150878906
11.77,0.07443618774414062
11.81,1.4391593933105469
10.95,0.5341110229492188
9.06,5.96868896484375
10.65,11.697826385498047
11.96,2.2201576232910156
11.7,3.3317031860351562
10.59,4.17625617980957
11.16,4.386081695556641
13.75,2.554187774658203
10.25,8.300331115722656
9.95,3.1873321533203125
9.7,1.0537109375
9.32,3.701082229614258
6.73,1.6828222274780273
10.58,8.172981262207031
10.15,2.0808238983154297
10.96,0.3895530700683594
10.0,2.6062259674072266
10.28,3.4204673767089844
9.94,0.5192451477050781
8.93,9.162389755249023
10.52,0.47960853576660156
11.67,4.366907119750977
9.49,6.83343505859375
11.56,2.6751461029052734
6.01,7.295372009277344
12.01,4.370128631591797
9.44,6.31751823425293
7.94,1.3059463500976562
12.01,0.492767333984375
9.37,6.459497451782227
14.38,8.849262237548828
12.05,7.553867340087891
12.14,5.734434127807617
12.1,4.507589340209961
8.68,5.755821228027344
9.98,8.607999801635742
9.33,15.646753311157227
8.56,2.4569873809814453
6.56,5.065228462219238
10.99,8.497194290161133
8.38,1.3659238815307617
10.77,4.129241943359375
10.43,3.8829574584960938
7.73,3.4010009765625
10.52,0.5176429748535156
11.19,2.888965606689453
10.05,8.130935668945312
10.83,5.602705001831055
10.54,3.267038345336914
9.9,14.848934173583984
11.3,0.7848224639892578
10.34,3.9821081161499023
15.16,8.994951248168945
10.28,2.6800689697265625
10.6,11.195137023925781
11.05,3.7197914123535156
11.09,5.600637435913086
9.71,5.32798957824707
9.81,5.193904876708984
12.19,0.5510139465332031
10.63,4.545444488525391
11.24,8.874320983886719
11.85,0.14746856689453125
10.0,1.8774757385253906
7.14,4.398252487182617
9.65,0.7047157287597656
10.62,3.9397850036621094
15.21,4.166481018066406
13.02,2.723114013671875
10.12,2.812345504760742
9.82,0.9122581481933594
13.86,3.336761474609375
11.49,4.356422424316406
11.78,4.138065338134766
11.13,1.1997299194335938
10.03,5.185455322265625
14.48,15.210884094238281
10.48,3.1879711151123047
8.02,5.057004928588867
9.91,8.699623107910156
10.04,11.872417449951172
11.62,0.030719757080078125
12.04,7.445526123046875
11.38,5.885993957519531
11.93,1.7243156433105469
11.29,5.371856689453125
11.19,1.2644729614257812
8.84,0.0805196762084961
9.58,5.291391372680664
10.21,1.7111167907714844
10.43,3.4109859466552734
10.8,2.8567581176757812
10.32,2.5416202545166016
11.76,0.5252285003662109
9.93,0.28525352478027344
14.64,7.134208679199219
11.91,1.519765853881836
7.29,4.868999004364014
6.49,5.406904220581055
10.09,1.0981216430664062
15.09,8.844308853149414
11.62,5.908374786376953
10.58,1.3222122192382812
10.46,1.846822738647461
10.62,5.021598815917969
11.55,4.463991165161133
10.24,8.292369842529297
14.16,3.8148422241210938
9.83,9.662151336669922
12.29,2.409564971923828
10.93,4.863536834716797
11.88,6.412548065185547
10.56,7.12336540222168
10.36,10.268110275268555
14.49,3.9689769744873047
11.13,0.6386489868164062
11.5,9.525360107421875
12.61,0.17395401000976562
10.83,0.23623275756835938
10.92,0.08295822143554688
1.73,2.895439624786377
10.61,2.57171630859375
11.42,6.304218292236328
11.91,2.839984893798828
11.95,3.3432464599609375
11.42,1.5136394500732422
10.35,3.685079574584961
6.98,3.104867935180664
8.85,2.3036327362060547
10.07,7.2360992431640625
10.15,8.915172576904297
6.27,4.945148468017578
6.59,1.6013026237487793
10.34,6.233484268188477
7.03,4.876603603363037
9.92,16.241283416748047
7.36,4.631624221801758
11.82,15.916015625
9.63,3.7706298828125
9.89,1.6111221313476562
13.3,8.049854278564453
10.89,7.3943939208984375
12.57,4.231472015380859
10.4,1.3076801300048828
13.31,4.905263900756836
10.85,4.416280746459961
10.54,3.460712432861328
9.57,7.412956237792969
10.85,8.225736618041992
12.3,1.6483573913574219
10.41,1.599203109741211
11.86,0.26509857177734375
8.54,4.320243835449219
10.26,4.296607971191406
11.1,0.08721923828125
9.31,6.778474807739258
11.03,23.45947265625
10.79,6.709844589233398
0.63,4.4168596267700195
11.44,8.102531433105469
10.89,0.23317718505859375
6.88,4.158990859985352
10.54,5.512594223022461
11.58,1.7795219421386719
10.89,0.9260997772216797
10.92,7.184604644775391
10.88,0.39546775817871094
8.01,4.26142692565918
12.16,8.576961517333984
11.99,3.0516510009765625
14.27,2.421886444091797
10.46,4.882045745849609
10.1,8.88947868347168
6.29,1.625354290008545
10.98,2.4057445526123047
7.96,2.387279510498047
8.82,5.8419647216796875
11.65,2.4526824951171875
10.46,4.395774841308594
12.98,2.959012985229492
6.36,4.498691558837891
11.36,0.8522796630859375
1.64,2.5609309673309326
11.72,1.5974197387695312
10.6,1.6021804809570312
7.13,3.6063289642333984
14.78,11.776222229003906
10.51,2.9751319885253906
12.09,2.1922836303710938
11.29,2.6865806579589844
11.14,1.013345718383789
10.96,5.599363327026367
11.59,2.7977867126464844
11.57,10.498397827148438
11.2,9.44033432006836
11.38,2.1426010131835938
10.95,6.378871917724609
10.57,5.061016082763672
10.58,3.8732547760009766
11.92,5.881370544433594
10.23,2.9249725341796875
11.51,1.416391372680664
7.12,5.123561382293701
8.08,0.1596059799194336
11.44,2.024799346923828
7.13,5.941188335418701
11.68,15.385313034057617
8.89,0.34856414794921875
10.68,5.831438064575195
14.32,6.830604553222656
11.83,0.002971649169921875
14.75,4.993812561035156
11.67,6.411748886108398
9.77,2.522390365600586
9.02,1.923257827758789
10.79,9.713644027709961
14.6,3.014171600341797
10.75,2.2645263671875
9.49,5.767583847045898
7.24,3.9859018325805664
11.72,0.5515384674072266
10.45,0.29703330993652344
9.72,0.017580032348632812
11.62,1.1195926666259766
13.55,5.716663360595703
10.18,6.04052734375
7.27,5.55746603012085
6.61,1.8805913925170898
11.47,7.143400192260742
9.6,3.5654220581054688
10.57,8.995054244995117
10.75,6.174966812133789
10.57,10.593849182128906
11.8,0.5834617614746094
12.54,6.543643951416016
10.37,1.9720573425292969
11.17,0.030742645263671875
9.44,5.389850616455078
10.51,21.61393928527832
11.31,0.47985076904296875
11.03,3.0074634552001953
0.67,4.842378616333008
10.53,1.9193058013916016
13.95,0.6442527770996094
12.55,5.029947280883789
11.3,7.239433288574219
11.31,7.635385513305664
9.91,1.3063430786132812
8.71,1.7889957427978516
11.93,1.5170917510986328
8.79,5.545125961303711
11.14,0.07280158996582031
11.12,0.8965320587158203
13.04,7.990655899047852
11.93,0.322479248046875
10.56,5.56056022644043
10.79,4.3122711181640625
11.2,6.771234512329102
9.87,3.709535598754883
11.26,1.4978713989257812
10.58,3.714803695678711
10.41,12.354257583618164
10.54,5.778484344482422
9.52,1.1861114501953125
12.19,6.205375671386719
7.32,2.7864561080932617
11.97,5.890468597412109
10.33,1.3074398040771484
11.26,2.7498703002929688
11.23,11.164491653442383
9.71,0.003879547119140625
10.78,2.221385955810547
11.33,4.970787048339844
11.49,15.709676742553711
8.8,2.5051956176757812
11.06,6.166877746582031
11.75,0.7852420806884766
10.79,0.06633567810058594
11.99,5.491132736206055
10.2,4.219821929931641
10.61,1.6583728790283203
15.42,1.9043235778808594
15.26,8.921737670898438
9.09,9.51031494140625
1.75,4.205944061279297
10.67,0.6795940399169922
11.55,6.482706069946289
10.82,7.158845901489258
10.87,0.9660415649414062
11.67,6.580209732055664
13.66,1.3152999877929688
1.56,4.563174247741699
11.46,0.6773509979248047
11.5,8.346195220947266
10.98,2.105052947998047
10.54,1.1191024780273438
7.04,4.007803916931152
11.4,2.270771026611328
11.62,0.48702239990234375
10.82,2.914560317993164
10.74,7.79237174987793
9.24,4.817718505859375
13.4,1.7583847045898438
11.83,3.811952590942383
10.8,7.199794769287109
10.57,6.5096282958984375
8.65,4.774850845336914
11.19,5.913642883300781
10.51,3.436565399169922
9.59,4.921398162841797
7.19,4.5927557945251465
8.59,0.3154296875
10.45,1.0230674743652344
10.58,3.825428009033203
10.06,2.818979263305664
11.54,4.964168548583984
6.99,5.104865550994873
10.91,4.680375099182129
10.19,0.13187789916992188
11.19,11.368560791015625
13.81,2.070404052734375
14.07,9.071266174316406
12.9,4.241893768310547
10.46,3.7876644134521484
10.61,4.159919738769531
6.84,1.6005563735961914
8.96,9.112983703613281
11.94,8.194969177246094
11.41,1.5187034606933594
11.44,2.64013671875
11.06,5.946079254150391
10.93,1.9251937866210938
9.49,11.499439239501953
11.36,3.6917152404785156
11.62,14.657400131225586
7.98,3.325408935546875
10.83,3.790681838989258
11.06,2.440937042236328
8.5,7.467983245849609
10.41,4.981822967529297
11.18,0.6651477813720703
8.75,0.5585975646972656
13.46,0.18140411376953125
10.9,4.895017623901367
11.62,0.3283882141113281
12.29,10.278263092041016
11.95,0.8855724334716797
9.55,3.4190597534179688
10.66,6.564201354980469
11.56,5.032947540283203
11.1,3.363849639892578
12.07,1.6491756439208984
10.73,8.471599578857422
12.25,0.1824207305908203
11.09,2.7768287658691406
10.96,10.956581115722656
3.66,2.615079879760742
11.17,5.548980712890625
10.07,1.0901565551757812
9.1,5.421688079833984
6.86,4.203701972961426
10.21,2.344064712524414
11.12,1.156240463256836
11.56,0.7049827575683594
11.96,1.3974227905273438
10.46,1.0330219268798828
8.77,3.865510940551758
10.79,7.589143753051758
6.21,2.7309374809265137
10.69,5.850202560424805
12.03,0.06421279907226562
10.15,5.7257080078125
9.89,3.005584716796875
7.09,2.7522897720336914
11.97,4.4123382568359375
10.61,3.860157012939453
10.87,6.835758209228516
10.01,1.4626922607421875
12.2,0.6552600860595703
10.48,0.7058143615722656
11.12,6.484174728393555
10.73,10.158454895019531
8.13,3.2524356842041016
10.76,5.415582656860352
11.5,3.438711166381836
9.92,9.652677536010742
11.32,0.9099826812744141
12.0,5.992195129394531
10.6,1.7318801879882812
11.69,1.5629615783691406
9.95,0.20748329162597656
10.39,4.437795639038086
8.6,3.651273727416992
8.68,9.604331970214844
13.71,9.124650955200195
10.92,2.333820343017578
11.38,1.1325759887695312
10.53,4.685546875
11.55,17.83779525756836
10.69,3.406881332397461
12.91,0.4166526794433594
10.17,0.7567367553710938
10.82,4.7984619140625
11.18,15.674579620361328
11.54,5.692600250244141
13.15,4.798255920410156
11.68,4.091924667358398
12.04,1.4778690338134766
11.22,6.215709686279297
13.8,10.875099182128906
12.4,3.8250370025634766
9.87,2.7369117736816406
9.58,6.541149139404297
7.33,5.149232387542725
12.09,5.840976715087891
9.4,0.9550724029541016
9.63,7.936981201171875
11.21,4.739080429077148
8.41,0.6363372802734375
10.79,1.421792984008789
10.73,0.3913383483886719
12.64,8.021780014038086
11.5,1.7417964935302734
11.52,2.356966018676758
11.74,1.0185165405273438
10.84,1.84033203125
10.56,1.4574527740478516
7.41,3.0650501251220703
10.94,0.16807174682617188
9.03,4.660091400146484
10.68,4.281063079833984
11.36,3.0407352447509766
11.86,5.1499176025390625
11.5,0.1340484619140625
11.35,1.9831314086914062
11.71,4.350685119628906
9.98,7.211418151855469
8.55,2.649494171142578
5.79,9.425471305847168
10.03,1.1588993072509766
7.9,3.8866043090820312
14.38,5.059719085693359
10.68,3.133136749267578
8.77,8.59821891784668
10.5,0.2112579345703125
7.41,5.237495422363281
11.74,3.1215744018554688
10.4,1.56610107421875
10.03,1.7582683563232422
11.25,1.3949928283691406
13.16,0.2272777557373047
11.01,3.5301513671875
8.94,3.227304458618164
13.4,3.287677764892578
9.96,4.147485733032227
8.97,0.7255916595458984
8.44,2.7340869903564453
7.36,9.842513084411621
10.04,2.5599517822265625
10.5,2.8891830444335938
10.08,0.08807182312011719
10.77,3.6667652130126953
11.71,4.819221496582031
10.75,0.050342559814453125
10.57,2.2596282958984375
14.87,4.295347213745117
10.0,2.3100414276123047
11.14,2.7823867797851562
11.62,3.404306411743164
11.17,5.638236999511719
8.67,2.529388427734375
8.89,0.47533226013183594
13.77,1.6817359924316406
6.44,1.4417791366577148
12.96,7.9881744384765625
3.48,7.089643955230713
8.69,2.5520458221435547
9.92,2.481842041015625
10.14,3.278636932373047
6.04,8.50830078125
9.42,7.543224334716797
11.74,2.284435272216797
14.3,12.31985092163086
12.14,4.1598358154296875
8.94,3.7132797241210938
8.73,1.1194257736206055
11.41,0.5341682434082031
10.11,2.591073989868164
13.87,4.155620574951172
7.31,3.9509334564208984
11.57,4.136781692504883
10.58,2.6508255004882812
12.07,8.756940841674805
11.34,5.820354461669922
10.92,1.3122272491455078
9.17,7.507902145385742
11.62,1.0511035919189453
13.95,0.15253448486328125
9.62,15.798652648925781
12.03,9.083892822265625
10.57,0.3650951385498047
10.1,2.952604293823242
9.82,7.102659225463867
10.43,2.634418487548828
13.59,10.06964111328125
9.11,7.4817962646484375
11.71,3.2389392852783203
11.58,5.22551155090332
9.35,3.237821578979492
11.13,2.948801040649414
12.42,1.4483261108398438
10.62,5.931632995605469
11.12,9.12264633178711
11.43,2.839080810546875
9.92,1.7031021118164062
9.86,1.0610466003417969
8.49,3.382884979248047
10.59,1.60540771484375
9.22,10.038479804992676
12.9,0.7585048675537109
11.71,1.1294879913330078
11.63,0.5721454620361328
13.79,0.9853172302246094
14.34,7.85871696472168
11.26,0.1433086395263672
11.35,4.819963455200195
14.2,2.381988525390625
10.83,4.575008392333984
12.62,2.6038055419921875
14.0,0.01689910888671875
10.24,4.951728820800781
0.68,4.635838031768799
14.82,11.056501388549805
8.19,1.3545923233032227
10.81,6.473150253295898
8.69,4.144489288330078
9.61,2.0434112548828125
9.61,3.893726348876953
10.57,5.993261337280273
9.88,6.557701110839844
11.9,5.7834320068359375
10.59,1.1593303680419922
13.8,3.7490882873535156
9.76,8.313507080078125
10.77,1.4654083251953125
10.88,1.5896682739257812
11.53,1.3048057556152344
13.3,0.2012176513671875
11.18,16.89238739013672
13.97,1.5842247009277344
11.73,7.5479888916015625
9.78,7.088663101196289
12.45,2.8041343688964844
4.61,1.4891862869262695
14.1,11.637777328491211
14.36,8.132678985595703
7.07,3.5426907539367676
14.36,7.423740386962891
13.19,2.3358936309814453
10.73,1.438314437866211
10.96,1.2303752899169922
10.08,3.9382705688476562
8.56,13.160558700561523
10.54,3.7403717041015625
11.95,4.11854362487793
10.27,0.9660854339599609
10.77,6.72700309753418
7.9,9.893218994140625
10.96,4.967658996582031
7.25,3.2745933532714844
11.17,3.6391658782958984
11.51,0.7821063995361328
14.35,11.853988647460938
10.04,5.646419525146484
12.69,3.594097137451172
8.79,0.535675048828125
9.76,8.031095504760742
10.99,2.0702877044677734
10.85,3.1192970275878906
13.2,2.5973758697509766
9.83,0.6589832305908203
10.85,0.6997280120849609
14.06,0.20390892028808594
10.59,8.572254180908203
11.1,3.8745899200439453
8.89,0.36518287658691406
10.33,6.511890411376953
10.24,4.898584365844727
12.18,3.528379440307617
10.82,2.3635120391845703
9.62,3.176319122314453
11.1,9.777315139770508
13.93,0.2883338928222656
15.26,10.897245407104492
10.27,4.288841247558594
12.03,5.321483612060547
14.06,6.186164855957031
15.01,9.943967819213867
7.76,11.681013107299805
10.19,2.772930145263672
10.34,2.5311241149902344
10.89,2.9253616333007812
6.7,0.2782106399536133
11.49,1.3406181335449219
10.94,6.060382843017578
10.55,5.479410171508789
11.92,4.601198196411133
10.55,4.958219528198242
11.86,1.8117790222167969
9.66,10.032941818237305
10.38,21.329769134521484
9.36,2.0269775390625
11.13,0.160064697265625
10.64,11.46337890625
11.92,0.6744308471679688
12.91,4.528543472290039
10.4,3.762571334838867
9.97,15.007308959960938
10.44,2.970684051513672
9.42,6.108394622802734
14.42,9.756671905517578
9.41,6.713739395141602
10.72,0.2537670135498047
10.43,0.26705360412597656
14.91,3.2673263549804688
10.91,2.9481849670410156
14.22,2.484294891357422
10.22,11.086797714233398
11.81,3.5985774993896484
11.29,3.8537979125976562
7.29,5.081393241882324
9.45,9.65833854675293
10.59,2.209484100341797
11.75,2.906993865966797
6.71,5.107638359069824
10.29,2.625041961669922
11.56,0.6153087615966797
10.46,2.8708267211914062
10.67,2.087160110473633
9.73,0.22240257263183594
11.62,1.1125011444091797
10.07,3.263711929321289
10.5,4.353059768676758
12.75,5.2601165771484375
11.88,1.8858451843261719
15.03,3.0384178161621094
11.04,2.819734573364258
12.74,2.499004364013672
7.05,2.0308237075805664
10.12,1.2710113525390625
11.19,4.447212219238281
9.02,5.442773818969727
12.29,0.5423469543457031
8.92,7.946992874145508
10.34,10.855827331542969
10.55,3.687427520751953
11.84,3.1369667053222656
11.43,0.5509853363037109
11.7,1.0896148681640625
10.51,3.3138694763183594
10.81,4.770559310913086
10.12,1.732513427734375
10.64,2.698648452758789
10.43,2.734895706176758
11.31,3.0444259643554688
11.04,1.6174430847167969
9.81,4.3578643798828125
10.68,0.12202262878417969
10.62,9.11905288696289
10.12,0.25029945373535156
11.06,7.703174591064453
10.27,3.544137954711914
0.58,2.8377726078033447
12.84,2.8759899139404297
12.27,1.013162612915039
11.52,3.844064712524414
10.72,0.4631538391113281
8.95,7.795627593994141
10.03,2.753011703491211
11.29,2.5018081665039062
8.83,1.1834182739257812
10.48,0.9842205047607422
10.88,6.441278457641602
9.5,4.533246994018555
9.64,0.6566352844238281
14.31,7.734020233154297
11.05,2.8688297271728516
9.99,2.6102333068847656
10.2,6.77754020690918
11.47,3.2578582763671875
10.53,2.698375701904297
11.46,1.8299388885498047
9.19,6.98193359375
11.79,0.9252777099609375
7.44,5.47931432723999
8.44,9.095842361450195
11.04,4.395122528076172
4.28,2.0260910987854004
9.68,3.820575714111328
9.13,11.549711227416992
10.1,0.9967231750488281
13.78,0.33029937744140625
10.93,2.62615966796875
10.74,2.589204788208008
10.46,0.2739391326904297
11.62,0.5432071685791016
11.74,2.8352584838867188
11.37,0.8523750305175781
10.59,0.5420417785644531
11.81,2.4229965209960938
10.02,1.8848705291748047
12.15,5.083845138549805
10.87,3.9377002716064453
9.53,9.456087112426758
10.21,2.739086151123047
11.25,0.9450111389160156
8.49,7.414241790771484
9.07,1.1333866119384766
10.05,0.877655029296875
10.64,5.998992919921875
10.65,1.2084159851074219
11.26,5.174814224243164
12.87,1.4655132293701172
10.14,3.7937545776367188
10.65,3.611278533935547
8.85,3.982625961303711
11.13,6.886507034301758
8.74,2.3865699768066406
7.41,5.461090087890625
6.49,1.1336307525634766
9.66,0.5907974243164062
7.1,4.518404006958008
10.13,0.9973716735839844
11.66,1.2322959899902344
8.03,1.4899091720581055
10.56,1.2062835693359375
10.25,4.737316131591797
7.15,5.4681715965271
6.69,0.46503543853759766
10.73,1.3490676879882812
8.69,3.9775028228759766
10.22,2.7996463775634766
12.79,2.4227962493896484
8.51,7.76191520690918
10.9,6.008399963378906
13.85,3.588031768798828
11.1,7.975606918334961
9.66,8.135555267333984
11.26,1.1217269897460938
8.47,1.9415550231933594
9.89,0.8910999298095703
10.56,5.539813995361328
11.96,6.092414855957031
13.35,4.187633514404297
13.78,9.388944625854492
10.8,5.678123474121094
10.41,6.3416748046875
11.27,2.948274612426758
9.99,1.0747089385986328
10.45,5.445918083190918
10.56,9.269023895263672
10.66,1.6967830657958984
10.44,13.33857536315918
11.68,0.9673213958740234
12.81,0.76953125
11.75,3.2923641204833984
12.11,6.9205169677734375
8.34,0.5332813262939453
8.35,1.379913330078125
11.27,6.143840789794922
10.14,7.0824127197265625
11.32,1.2805557250976562
11.82,4.84889030456543
12.3,5.912208557128906
11.73,2.4142227172851562
10.45,0.4593658447265625
7.75,1.7865314483642578
12.34,0.9195289611816406
10.3,25.00897979736328
10.45,4.603115081787109
11.44,2.3660011291503906
11.18,0.15404701232910156
11.84,3.1665515899658203
10.41,3.4774436950683594
11.16,0.4858226776123047
8.65,6.795125961303711
11.15,4.762073516845703
10.56,2.874919891357422
13.74,2.425762176513672
11.36,2.8466014862060547
14.17,5.645477294921875
8.69,3.915487289428711
11.08,5.138200759887695
10.28,12.827657699584961
11.46,2.730287551879883
10.24,0.9501152038574219
11.04,3.716045379638672
11.96,9.031757354736328
11.77,2.994874954223633
14.45,14.063915252685547
10.43,1.4054689407348633
8.18,0.5071220397949219
12.45,4.112266540527344
11.13,1.4960250854492188
10.8,0.1135406494140625
11.73,0.26210784912109375
11.93,2.8208274841308594
11.83,2.726329803466797
10.3,3.2313003540039062
12.62,1.7833633422851562
12.17,3.524038314819336
9.19,4.265483856201172
7.72,4.502124786376953
11.7,1.4564266204833984
7.81,3.3143310546875
10.03,11.08787727355957
10.69,4.719228744506836
13.58,1.6843318939208984
12.55,2.5375194549560547
8.08,2.542766571044922
10.76,11.512773513793945
10.19,6.486597061157227
10.56,2.5274486541748047
8.51,0.9667453765869141
10.44,4.282642364501953
13.94,0.6787681579589844
8.53,4.949562072753906
10.53,1.8962841033935547
7.79,1.5714168548583984
9.91,1.3911552429199219
9.96,0.10874557495117188
10.51,3.3516578674316406
10.45,3.7376785278320312
11.48,2.0353660583496094
12.98,2.9034347534179688
12.06,0.3956794738769531
12.71,2.6460914611816406
14.63,0.22083282470703125
11.42,4.894741058349609
11.46,2.7306976318359375
10.07,2.9797019958496094
11.61,2.2780113220214844
11.97,4.339672088623047
7.61,3.6843156814575195
11.2,4.260398864746094
10.16,2.653064727783203
10.39,0.88201904296875
10.7,2.4566612243652344
11.81,5.746816635131836
12.19,0.7788009643554688
10.2,1.863809585571289
9.06,6.128427505493164
12.12,3.5696792602539062
9.95,1.8364830017089844
10.82,1.923574447631836
11.8,3.7917041778564453
10.56,2.0197925567626953
13.74,0.5540008544921875
7.25,3.0782556533813477
10.98,3.4025440216064453
9.93,17.244892120361328
7.09,2.384601593017578
8.96,3.630861282348633
10.57,5.146320343017578
10.73,2.3282127380371094
9.67,6.4933929443359375
8.68,0.6923465728759766
10.46,2.662076950073242
0.57,6.366931915283203
6.31,8.227092742919922
9.06,2.091611862182617
10.41,2.6446266174316406
11.3,1.9839038848876953
10.78,11.879920959472656
11.57,1.4629707336425781
11.56,2.5614776611328125
8.75,2.805154800415039
12.18,15.862142562866211
13.93,6.300342559814453
11.59,2.359649658203125
9.93,13.566307067871094
13.16,1.2126178741455078
8.12,5.181634902954102
10.64,0.10579872131347656
8.51,4.471322059631348
10.96,1.0864982604980469
10.72,0.8356971740722656
11.85,3.581958770751953
8.7,0.8833484649658203
9.59,5.846914291381836
10.69,4.548791885375977
13.94,4.205482482910156
12.21,5.883930206298828
11.01,4.859153747558594
10.49,2.58251953125
11.48,2.4290390014648438
9.83,1.9523200988769531
10.76,1.045278549194336
10.87,0.5543403625488281
10.16,10.599222183227539
9.02,0.4306602478027344
12.34,7.266727447509766
14.04,4.009010314941406
6.72,2.6906824111938477
10.18,3.8585891723632812
11.06,5.184440612792969
9.61,12.019683837890625
10.2,0.8220653533935547
10.61,1.1715965270996094
12.97,2.5284461975097656
10.58,3.201934814453125
10.38,5.0786590576171875
10.31,4.027317047119141
13.6,1.7247200012207031
10.87,2.0660629272460938
10.09,2.953479766845703
11.21,3.8593387603759766
8.93,9.49006462097168
11.07,0.2859172821044922
11.06,3.740327835083008
11.32,2.6070613861083984
9.01,6.423366546630859
10.64,5.220804214477539
12.51,2.9160842895507812
11.0,2.816041946411133
10.55,7.88453483581543
10.58,5.449954986572266
10.61,2.3549461364746094
10.65,1.9475345611572266
11.71,1.0406455993652344
7.0,5.090997695922852
14.5,13.661140441894531
9.78,0.2379436492919922
12.09,2.749053955078125
12.15,5.953464508056641
11.59,2.320751190185547
8.32,3.833955764770508
9.91,2.921161651611328
11.66,1.9405574798583984
10.02,2.5623340606689453
0.58,2.234280586242676
7.94,8.681663513183594
12.16,4.879600524902344
11.21,2.7593250274658203
11.74,14.946966171264648
10.66,1.2635116577148438
7.25,1.3870983123779297
8.69,3.7474288940429688
10.15,3.127653121948242
11.36,1.270111083984375
11.48,0.5014228820800781
12.56,5.561178207397461
10.14,4.580890655517578
10.24,2.5487403869628906
10.32,0.7979831695556641
9.7,3.105802536010742
10.94,4.774501800537109
11.33,3.851043701171875
9.48,1.8758544921875
10.23,1.2186813354492188
11.5,0.4402732849121094
10.67,4.708942413330078
10.78,1.4287490844726562
8.44,1.3943758010864258
14.24,0.0136566162109375
13.73,0.5005836486816406
11.58,4.524042129516602
14.63,1.0667762756347656
10.27,0.36577796936035156
10.7,10.758769989013672
11.76,1.1982669830322266
11.19,0.8777427673339844
10.97,5.142976760864258
10.96,0.08661270141601562
12.39,4.638771057128906
10.08,2.5168228149414062
12.59,2.2202224731445312
10.81,2.9645423889160156
10.06,3.4574203491210938
6.43,0.6044340133666992
10.51,25.53040313720703
8.69,3.5943145751953125
10.99,7.065019607543945
11.65,10.819887161254883
11.62,0.24616622924804688
9.1,6.44605827331543
11.28,14.716800689697266
0.72,2.302345037460327
9.75,2.797548294067383
10.79,4.099124908447266
10.42,6.41816520690918
11.84,2.767913818359375
15.22,4.469200134277344
10.72,0.6789207458496094
11.39,1.6672248840332031
10.24,1.072519302368164
10.42,10.207315444946289
9.86,4.473411560058594
11.03,5.193174362182617
9.85,4.620750427246094
11.49,7.051856994628906
11.8,3.5149898529052734
9.15,13.51264762878418
9.83,0.014957427978515625
13.97,0.03945159912109375
10.93,11.074886322021484
10.09,2.4425220489501953
10.02,0.4808464050292969
10.38,5.377981185913086
8.38,4.354959487915039
12.69,7.642780303955078
10.19,4.5950775146484375
11.8,1.7120418548583984
10.94,3.7236766815185547
11.98,1.6488819122314453
11.36,2.6571712493896484
12.51,2.7978172302246094
11.91,2.541532516479492
11.08,2.2697830200195312
11.54,4.493186950683594
11.37,3.1576995849609375
10.89,1.613607406616211
7.81,0.95196533203125
10.39,9.791419982910156
10.58,9.127923965454102
11.52,5.7955322265625
10.72,1.0846824645996094
11.49,1.4623336791992188
11.68,4.283542633056641
9.81,7.218095779418945
9.51,7.973979949951172
10.77,1.2603282928466797
6.6,1.086719036102295
12.24,7.055412292480469
10.96,1.0191650390625
6.2,6.345273017883301
10.91,8.372953414916992
0.64,4.863613605499268
10.82,0.4102897644042969
9.2,4.727886199951172
11.01,4.009372711181641
8.2,0.8385848999023438
3.71,2.2118639945983887
10.26,1.1891937255859375
11.58,4.543094635009766
10.98,1.6355304718017578
11.81,1.2567405700683594
10.22,3.262704849243164
10.64,1.0021896362304688
14.48,2.3845252990722656
10.76,6.795524597167969
9.54,4.680580139160156
10.5,4.252540588378906
10.63,0.3784675598144531
9.37,0.35173988342285156
11.41,4.803945541381836
10.61,6.708745956420898
9.45,0.8072357177734375
11.16,6.770977020263672
14.79,6.839088439941406
9.43,10.478452682495117
10.73,6.603185653686523
10.42,0.7453651428222656
11.35,1.8283615112304688
7.14,4.197943210601807
7.59,4.964198589324951
10.88,21.450002670288086
10.18,5.126157760620117
10.59,1.8200912475585938
6.54,5.5894365310668945
10.68,4.27998161315918
14.26,6.049072265625
12.27,0.3906974792480469
10.85,3.7484817504882812
10.56,5.043613433837891
11.76,1.50048828125
10.74,0.4616241455078125
11.15,2.0408401489257812
11.56,14.485374450683594
11.47,7.122472763061523
15.22,7.488561630249023
11.39,1.7038688659667969
10.27,2.726879119873047
11.05,0.7769527435302734
10.75,2.9213390350341797
10.64,5.928501129150391
0.54,5.431009292602539
11.5,1.1405372619628906
10.69,3.588174819946289
10.17,6.726873397827148
13.34,0.4427604675292969
10.18,1.2223167419433594
10.17,2.0769805908203125
10.3,2.4440345764160156
11.92,3.3362579345703125
11.47,1.7041893005371094
11.56,1.5392742156982422
12.17,6.112604141235352
11.99,4.371343612670898
10.61,2.9591808319091797
10.27,2.758962631225586
10.2,6.805919647216797
9.8,9.084829330444336
11.48,6.518213272094727
12.84,6.412942886352539
10.7,2.0596981048583984
10.55,4.759828567504883
12.78,8.041046142578125
12.34,4.734874725341797
8.98,0.869964599609375
10.03,7.040735244750977
12.14,5.244588851928711
10.4,8.19200325012207
10.25,6.120813369750977
10.12,11.46054458618164
11.58,3.069925308227539
6.62,2.5614566802978516
8.82,5.7945556640625
6.79,3.439943313598633
11.4,1.1270942687988281
10.96,4.727533340454102
10.55,17.683839797973633
10.49,7.563671112060547
11.69,1.7616729736328125
11.59,2.3322372436523438
10.78,7.099403381347656
10.88,0.7425403594970703
13.93,1.8023490905761719
12.74,4.4959564208984375
6.76,4.28013277053833
10.5,2.8570289611816406
8.13,2.8887290954589844
12.12,4.973928451538086
11.42,3.2387943267822266
6.41,0.38709330558776855
12.76,8.419933319091797
11.14,2.5369110107421875
9.57,0.3076820373535156
3.97,1.929849624633789
14.06,9.204437255859375
12.19,2.211200714111328
8.9,1.074136734008789
11.54,9.513587951660156
9.78,0.192108154296875
11.92,2.9833602905273438
10.57,2.2962417602539062
11.62,16.509620666503906
6.77,4.6263813972473145
11.0,2.585916519165039
11.52,1.7296161651611328
11.21,11.888648986816406
11.41,5.448600769042969
11.91,5.833286285400391
14.16,0.4957122802734375
10.56,2.8603744506835938
12.01,4.139331817626953
13.92,6.116399765014648
10.19,0.4466285705566406
6.37,0.9016304016113281
11.71,14.149856567382812
11.52,2.474302291870117
11.86,6.443639755249023
11.85,3.874410629272461
10.65,2.193103790283203
10.66,7.824579238891602
10.51,3.2091903686523438
9.44,6.109804153442383
11.57,2.9917221069335938
10.77,1.3565902709960938
12.12,5.925373077392578
10.06,6.311611175537109
9.99,6.835197448730469
10.91,0.545745849609375
6.73,1.2525615692138672
10.58,3.6721153259277344
11.83,5.268409729003906
8.36,7.618280410766602
10.7,2.173297882080078
10.47,3.409486770629883
12.29,5.229412078857422
9.49,7.011745452880859
10.07,7.049552917480469
14.58,3.641002655029297
10.22,1.3253440856933594
10.52,3.1244945526123047
12.08,0.3938026428222656
11.09,6.030063629150391
14.33,6.370805740356445
10.88,2.436037063598633
13.08,1.6046676635742188
6.74,3.1970276832580566
8.43,4.124052047729492
10.94,1.0768775939941406
11.4,4.082023620605469
12.08,0.32428932189941406
11.02,1.8010940551757812
10.59,0.8844356536865234
8.97,10.440206527709961
9.35,11.064477920532227
11.96,3.423053741455078
10.3,5.320520401000977
11.73,6.841983795166016
14.13,7.56982421875
10.86,2.2198848724365234
13.96,2.8453636169433594
10.86,1.4227237701416016
13.07,2.4719161987304688
10.42,0.5931129455566406
11.87,8.124961853027344
10.31,1.208181381225586
8.5,6.513517379760742
8.57,0.530914306640625
10.35,0.8466262817382812
11.78,0.8077354431152344
10.15,3.035257339477539
11.03,0.9654426574707031
10.23,3.1544189453125
10.84,3.2658615112304688
10.97,7.436201095581055
11.43,5.7043304443359375
11.47,3.7157058715820312
10.94,3.6902713775634766
10.71,4.148723602294922
10.93,14.688539505004883
12.27,6.424373626708984
10.99,7.011604309082031
7.4,3.8493566513061523
11.47,2.0745697021484375
9.92,3.246457099914551
10.83,8.111186981201172
10.48,0.9520740509033203
14.1,11.252243041992188
11.72,0.46610069274902344
10.77,0.5463447570800781
8.8,2.622732162475586
10.93,1.3696670532226562
10.93,5.69342041015625
10.66,0.8167057037353516
11.93,4.696258544921875
11.41,0.7435340881347656
11.25,5.774131774902344
10.54,1.3435134887695312
8.65,6.781312942504883
10.62,2.241060256958008
11.99,1.896219253540039
15.19,1.3185157775878906
10.54,4.761409759521484
12.15,6.367856979370117
10.25,1.3348922729492188
10.7,3.0497055053710938
11.61,0.6338939666748047
11.46,1.7481098175048828
8.7,7.416168212890625
10.43,2.9167232513427734
11.14,0.6006813049316406
11.21,1.5538864135742188
8.56,4.910076141357422
9.9,4.122226715087891
9.85,0.2710285186767578
11.3,10.38880729675293
15.0,0.4378166198730469
12.12,2.1576881408691406
10.74,1.08203125
10.96,5.640598297119141
10.7,2.8570938110351562
13.48,0.8816871643066406
10.62,3.9408836364746094
9.91,1.4439563751220703
12.41,5.960601806640625
10.1,6.557552337646484
11.35,0.4968910217285156
8.77,3.7294921875
11.68,0.9991493225097656
11.79,5.518899917602539
10.31,3.9952144622802734
14.49,8.341852188110352
10.23,1.5247802734375
10.39,1.73614501953125
10.55,6.3178863525390625
9.69,3.662210464477539
9.97,1.280313491821289
9.52,0.7107753753662109
10.31,8.458913803100586
13.75,2.3695449829101562
9.01,8.958854675292969
11.52,0.7217388153076172
10.17,4.792686462402344
11.41,3.969024658203125
9.71,3.2402172088623047
10.25,11.407365798950195
12.09,1.7881431579589844
15.27,7.103252410888672
13.04,4.714445114135742
10.77,1.1959609985351562
8.11,11.068899154663086
11.9,1.6198043823242188
8.46,2.6941394805908203
11.47,2.3936004638671875
10.86,6.937543869018555
11.46,2.530710220336914
13.21,3.4077224731445312
11.86,0.5902423858642578
12.62,1.085165023803711
10.32,5.158971786499023
13.27,5.421062469482422
11.86,0.03751182556152344
8.21,5.227575302124023
9.52,3.4872570037841797
13.29,0.1891918182373047
11.73,5.241802215576172
12.78,2.527090072631836
9.69,3.2346458435058594
9.77,9.725072860717773
0.85,4.733551502227783
11.68,12.001354217529297
12.82,5.75800895690918
8.8,6.262617111206055
10.73,1.0764598846435547
11.04,1.614837646484375
14.36,1.6058845520019531
10.19,3.9073543548583984
14.3,11.46235466003418
11.0,2.988231658935547
11.53,4.278238296508789
7.2,3.4836502075195312
10.79,5.335174560546875
12.3,0.17237091064453125
10.47,1.7290592193603516
10.52,3.4579811096191406
7.32,4.353313446044922
11.56,0.007867813110351562
10.37,21.961807250976562
10.67,1.2005176544189453
10.38,9.809850692749023
0.76,2.00846004486084
9.4,4.273080825805664
10.1,0.07785797119140625
10.21,25.812339782714844
9.97,1.6451129913330078
10.3,1.3280677795410156
9.75,0.40488433837890625
11.35,3.4629669189453125
14.07,0.8369941711425781
10.58,0.24892234802246094
9.13,4.409650802612305
10.22,1.497690200805664
10.68,6.856819152832031
12.51,4.9446258544921875
11.88,20.770795822143555
6.79,2.8476600646972656
8.82,13.820352554321289
11.31,2.5053939819335938
9.8,3.395071029663086
11.73,2.742656707763672
11.09,0.13751602172851562
8.65,7.092090606689453
11.77,1.2419471740722656
9.89,1.6827068328857422
13.05,3.2914505004882812
10.36,9.622175216674805
10.9,1.7497234344482422
7.25,4.485490322113037
11.7,4.143489837646484
10.67,1.5015411376953125
9.76,2.860586166381836
10.62,1.7896442413330078
11.93,0.13061904907226562
11.74,0.9655342102050781
10.61,2.5484657287597656
10.46,11.667036056518555
10.39,0.2122020721435547
10.75,6.803951263427734
11.22,1.8238487243652344
13.86,1.8082046508789062
11.25,2.4856948852539062
9.94,3.062040328979492
11.68,1.5035667419433594
6.36,6.252225875854492
12.18,6.396745681762695
10.63,4.204620361328125
13.51,5.225318908691406
10.69,8.412769317626953
10.95,7.115510940551758
9.83,4.671104431152344
11.06,5.364410400390625
11.24,3.3059234619140625
9.99,8.89787483215332
9.23,8.480056762695312
10.36,6.36439323425293
11.37,9.408100128173828
9.06,5.003089904785156
10.97,0.26694488525390625
9.72,6.620901107788086
11.35,1.0434894561767578
11.58,2.601459503173828
11.46,5.093008041381836
11.44,17.748905181884766
9.97,3.1247806549072266
9.82,0.5023212432861328
13.75,1.6861000061035156
11.95,6.10780143737793
9.71,0.918701171875
10.91,1.98583984375
10.76,13.256126403808594
10.57,4.028877258300781
9.84,3.8551902770996094
10.37,4.989250183105469
9.45,0.5234336853027344
10.41,3.931835174560547
10.57,2.775674819946289
11.23,3.725919723510742
10.22,20.460996627807617
10.17,2.7442283630371094
10.0,4.655902862548828
10.81,3.797201156616211
11.07,4.0634002685546875
6.69,3.7089123725891113
11.33,2.14874267578125
11.22,1.7021560668945312
15.24,5.3218536376953125
10.5,8.038753509521484
10.16,2.701112747192383
9.26,5.652362823486328
10.4,6.782014846801758
12.08,0.2976245880126953
10.24,3.410104751586914
11.41,2.277547836303711
11.43,5.860687255859375
10.32,5.421804428100586
11.63,2.148468017578125
10.98,0.8931064605712891
11.82,0.5429191589355469
13.13,8.383941650390625
9.62,0.9354305267333984
12.56,6.353660583496094
9.2,0.55682373046875
6.09,0.25640058517456055
10.96,0.0792236328125
7.71,3.81972599029541
9.71,15.278240203857422
11.7,2.763530731201172
9.43,3.8536128997802734
11.73,1.5989723205566406
10.83,2.3866806030273438
11.66,1.916238784790039
6.57,1.6000432968139648
11.61,0.5169830322265625
10.27,5.846031188964844
11.69,4.403676986694336
11.16,1.4261054992675781
11.18,2.5202293395996094
9.96,2.7262821197509766
6.74,0.2610177993774414
8.33,3.405162811279297
10.16,1.459676742553711
11.29,5.414836883544922
9.93,1.9815597534179688
10.65,0.2855949401855469
14.46,4.234918594360352
10.2,1.8802223205566406
8.94,15.705039978027344
9.52,0.5593414306640625
10.8,0.47869110107421875
11.53,1.1656150817871094
10.79,6.754638671875
11.44,2.0555648803710938
11.1,1.9564208984375
11.02,4.210065841674805
9.52,4.7886810302734375
9.83,1.4308509826660156
11.72,1.427114486694336
14.09,0.11338043212890625
10.36,0.1480865478515625
12.14,5.418195724487305
9.43,4.936586380004883
7.11,5.239266872406006
6.18,6.474277496337891
11.54,6.10987663269043
10.53,4.195224761962891
10.02,6.093595504760742
11.56,4.437126159667969
11.61,3.2570247650146484
11.5,6.318309783935547
11.63,3.035083770751953
10.86,0.47759246826171875
9.18,5.9342803955078125
7.17,4.428482532501221
8.9,0.8411407470703125
11.81,0.41950035095214844
10.58,1.7630844116210938
10.76,0.5885162353515625
10.62,0.7519435882568359
10.8,9.986143112182617
10.89,5.291658401489258
14.13,1.0644607543945312
13.31,2.679615020751953
11.97,6.817592620849609
10.4,0.7574691772460938
10.94,4.229413986206055
13.56,0.4047660827636719
9.86,1.380666732788086
10.56,10.861955642700195
10.81,1.4277706146240234
10.25,6.306316375732422
13.68,0.6961631774902344
10.63,2.7114601135253906
8.34,7.561975479125977
11.99,8.917125701904297
9.78,3.3442306518554688
4.14,6.082993507385254
10.73,9.780220031738281
10.46,0.9876346588134766
11.7,1.902212142944336
11.4,2.0675315856933594
11.52,5.911205291748047
11.6,4.122314453125
6.89,2.149068832397461
8.65,0.8972892761230469
10.46,5.663557052612305
12.04,1.91162109375
10.18,2.2338523864746094
11.33,10.602916717529297
13.9,1.0303382873535156
14.59,3.1949806213378906
11.71,1.554727554321289
11.29,7.193166732788086
6.64,2.3298301696777344
11.38,3.346179962158203
11.53,3.5442543029785156
12.18,3.7427730560302734
11.62,2.2156906127929688
13.09,1.2182998657226562
8.65,8.69171142578125
9.77,1.2042617797851562
12.66,0.9693717956542969
10.61,4.018333435058594
10.52,5.102863311767578
9.95,9.052692413330078
9.61,15.453546524047852
9.55,0.12789535522460938
11.13,0.6367759704589844
10.7,0.7645988464355469
11.23,6.432437896728516
10.59,7.561550140380859
12.61,3.2143516540527344
10.24,3.143657684326172
14.27,4.79850959777832
10.48,10.68488883972168
12.41,0.939727783203125
7.87,0.40329551696777344
6.26,5.322909355163574
6.77,4.07504940032959
9.95,4.2758941650390625
10.22,4.766096115112305
10.17,0.2524986267089844
9.97,0.035747528076171875
9.38,3.4963302612304688
12.02,3.2453155517578125
10.56,3.325777053833008
8.78,3.3222084045410156
10.45,0.23523330688476562
11.62,3.1545143127441406
10.97,0.6969947814941406
11.62,2.719339370727539
11.42,3.808177947998047
11.75,1.5358943939208984
9.68,1.5269031524658203
10.65,1.804718017578125
10.39,8.525264739990234
10.09,1.2086143493652344
11.63,0.21285247802734375
10.22,3.9320125579833984
11.24,16.387805938720703
10.34,1.527109146118164
13.82,1.4548492431640625
10.38,1.2534866333007812
13.26,1.8805618286132812
11.81,0.29108619689941406
6.91,2.8490352630615234
11.43,0.4144611358642578
11.35,0.8561763763427734
10.17,10.24178695678711
13.04,3.1604232788085938
11.72,1.6975860595703125
9.75,1.2548446655273438
8.88,7.046966552734375
10.31,6.358732223510742
11.23,2.9577560424804688
10.57,9.578500747680664
11.66,1.35235595703125
10.32,10.267038345336914
10.04,0.034313201904296875
6.43,4.128876686096191
0.57,4.534462928771973
11.9,2.582529067993164
11.0,1.1089363098144531
10.28,3.4771804809570312
10.15,6.819744110107422
7.5,6.093895435333252
14.06,1.0701751708984375
9.18,1.472625732421875
9.29,14.921459197998047
10.58,4.521810531616211
9.8,1.2989234924316406
7.64,1.1259937286376953
9.91,4.413845062255859
11.55,5.328403472900391
11.8,0.2759513854980469
11.9,16.18146514892578
8.75,2.347097396850586
10.8,4.051319122314453
9.71,11.348896026611328
8.75,8.488948822021484
0.51,2.4987661838531494
10.84,2.4565868377685547
10.88,5.424144744873047
10.81,8.391151428222656
10.31,2.9550647735595703
11.57,5.481773376464844
4.27,1.747950553894043
10.05,8.029544830322266
12.42,2.167722702026367
8.35,2.266101837158203
10.41,4.799516677856445
14.53,11.688888549804688
11.14,5.5315093994140625
10.54,2.834218978881836
6.24,2.165109634399414
10.3,1.14715576171875
8.72,3.5208683013916016
11.67,0.384979248046875
6.76,4.088847637176514
11.3,0.5576553344726562
11.95,0.2702655792236328
13.89,2.1150779724121094
10.14,3.176603317260742
11.56,9.121387481689453
15.51,6.090677261352539
4.69,2.68851375579834
9.8,4.903308868408203
12.61,0.015140533447265625
7.77,0.8543081283569336
11.0,2.8319320678710938
11.99,5.574165344238281
10.67,0.8054561614990234
6.6,3.8419132232666016
10.59,1.3734149932861328
0.52,5.380302906036377
9.98,3.039630889892578
9.23,7.845991134643555
12.02,3.276092529296875
8.69,4.067867279052734
10.75,2.201324462890625
13.91,0.4334983825683594
11.78,1.19110107421875
10.76,3.2011756896972656
6.64,2.2040019035339355
11.14,7.709285736083984
10.22,0.09047508239746094
10.13,7.119390487670898
10.05,0.4956550598144531
10.76,3.083590507507324
9.52,5.277822494506836
13.17,0.09977340698242188
9.31,0.7578964233398438
11.4,2.46600341796875
14.68,3.341144561767578
10.16,13.889486312866211
14.67,10.316545486450195
0.87,1.838270664215088
10.05,1.6284160614013672
10.46,1.3990936279296875
13.03,1.223419189453125
10.41,5.777256011962891
10.54,3.2858352661132812
10.83,5.788768768310547
8.01,5.705660820007324
11.46,1.9154281616210938
10.9,6.4331817626953125
0.58,6.996383190155029
11.19,1.6537513732910156
11.46,0.7157745361328125
11.82,0.7577228546142578
11.01,6.466554641723633
8.58,1.9222784042358398
10.86,1.2914466857910156
10.81,3.781391143798828
9.91,1.1078109741210938
11.63,2.6224594116210938
11.35,3.068096160888672
11.17,5.05230712890625
14.36,3.0526046752929688
10.58,6.52210807800293
11.65,3.8494873046875
8.5,0.9763641357421875
12.06,3.619049072265625
11.29,1.8396987915039062
6.94,4.815948486328125
9.34,3.034149169921875
7.31,5.016722202301025
13.98,9.279193878173828
11.16,0.22121810913085938
11.57,3.9176902770996094
11.38,2.199787139892578
10.0,4.051977157592773
10.78,2.30025577545166
10.37,2.771566390991211
10.4,5.385698318481445
13.8,1.1831588745117188
10.15,9.780887603759766
0.88,3.972916841506958
10.41,5.103176116943359
15.1,2.208965301513672
10.12,5.391092300415039
10.9,0.9323005676269531
7.26,0.30358028411865234
8.09,5.1778106689453125
10.24,5.480201721191406
10.96,22.962749481201172
10.15,7.905229568481445
7.01,4.803318500518799
10.02,6.773187637329102
11.53,6.125213623046875
11.13,2.0882720947265625
11.48,1.111948013305664
10.46,5.280750274658203
13.4,1.3842620849609375
10.57,0.5212326049804688
11.69,2.061481475830078
10.62,8.416217803955078
10.21,2.324239730834961
11.58,1.6991863250732422
10.98,1.5892295837402344
10.48,3.9115219116210938
11.14,3.2377376556396484
10.74,2.952404022216797
10.27,1.2483406066894531
9.71,2.078794479370117
0.5,2.4547483921051025
11.6,2.3810348510742188
10.87,3.1584205627441406
13.13,2.5326404571533203
10.33,2.309244155883789
11.04,2.196836471557617
9.88,2.6910629272460938
12.6,7.79240608215332
10.58,5.237506866455078
9.91,10.53521728515625
11.48,3.1684398651123047
11.51,0.6300201416015625
7.14,5.191638946533203
8.15,1.00946044921875
11.9,2.4650611877441406
11.82,2.019145965576172
10.51,7.797260284423828
10.55,0.7354888916015625
11.46,3.5723724365234375
10.85,0.3984966278076172
10.53,11.102460861206055
9.51,0.6443309783935547
8.49,2.522838592529297
9.48,2.372142791748047
10.84,2.2321205139160156
10.81,0.4586982727050781
6.85,2.5228986740112305
8.74,7.8646697998046875
11.27,1.9871788024902344
11.57,3.7726364135742188
11.73,1.0188541412353516
9.86,6.69782829284668
7.53,3.9044933319091797
10.41,1.030181884765625
11.48,4.044670104980469
7.11,3.986112594604492
15.17,9.21816635131836
14.49,12.4725341796875
10.71,1.2591819763183594
10.43,2.0727787017822266
9.84,11.442007064819336
13.42,3.873716354370117
13.52,2.4763526916503906
14.99,2.1942176818847656
11.35,2.209735870361328
10.97,7.42570686340332
12.0,2.8217811584472656
8.35,4.5513916015625
11.47,6.330587387084961
8.73,4.038667678833008
8.26,0.8110179901123047
8.79,2.707551956176758
9.8,0.17632675170898438
11.48,0.6000785827636719
11.07,1.8115119934082031
10.79,24.950754165649414
8.34,3.0669517517089844
6.93,3.6587018966674805
10.69,7.473989486694336
14.13,4.223747253417969
10.59,2.7567825317382812
10.27,22.97561264038086
12.86,3.1612396240234375
9.92,11.271224975585938
12.27,4.937736511230469
11.71,2.7621421813964844
8.5,1.5579357147216797
7.18,3.8609871864318848
11.09,0.677276611328125
12.0,6.399635314941406
11.79,1.6118297576904297
7.93,5.268871307373047
11.93,2.367687225341797
11.18,3.2116546630859375
11.16,1.0677242279052734
11.69,5.9150543212890625
10.96,8.811445236206055
10.35,9.690298080444336
11.17,5.669834136962891
8.8,1.3752679824829102
10.38,10.709228515625
10.93,0.42084503173828125
11.89,7.776618957519531
12.52,0.11860466003417969
10.63,1.2258872985839844
10.6,2.4429244995117188
11.64,7.386295318603516
14.39,8.818418502807617
9.97,7.9093475341796875
7.97,2.3414173126220703
11.74,3.3400726318359375
10.9,3.5478477478027344
10.78,2.2643165588378906
11.07,1.612030029296875
12.37,4.067480087280273
11.55,1.4502449035644531
14.46,1.1761207580566406
11.5,3.0027599334716797
9.72,5.215997695922852
10.41,2.231800079345703
9.94,2.3993473052978516
14.05,0.00440216064453125
10.18,0.043453216552734375
10.61,0.06606674194335938
8.74,3.597921371459961
11.94,1.696664810180664
11.69,0.2975902557373047
13.55,0.8180046081542969
9.54,0.7171745300292969
6.12,2.0466127395629883
14.86,11.431293487548828
12.38,1.5781135559082031
9.61,8.147228240966797
9.9,6.551973342895508
10.32,2.421367645263672
11.52,2.428182601928711
11.92,2.5767059326171875
12.09,1.9585075378417969
9.99,3.6922473907470703
14.06,7.349445343017578
12.04,1.55462646484375
11.69,5.466705322265625
10.24,2.2295398712158203
10.8,2.3188858032226562
13.56,8.507637023925781
11.76,1.968587875366211
11.89,0.19492149353027344
10.33,7.027164459228516
10.22,0.3285789489746094
13.1,1.7533149719238281
10.01,13.325502395629883
9.62,6.037906646728516
10.85,2.837827682495117
10.22,1.0327033996582031
11.24,10.14090347290039
8.56,0.8853816986083984
8.38,4.246366500854492
6.64,3.70620059967041
8.09,3.4207944869995117
11.41,3.5900802612304688
11.67,14.94900131225586
6.57,3.886833667755127
11.93,10.75578498840332
9.95,3.977987289428711
6.79,7.281946659088135
10.93,2.542449951171875
11.46,3.3405094146728516
9.58,6.934305191040039
15.14,8.299158096313477
11.2,5.74322509765625
13.83,5.699684143066406
10.92,0.561004638671875
10.86,3.2267303466796875
6.79,4.07059383392334
9.85,9.969627380371094
12.71,1.7602310180664062
10.55,5.386218070983887
12.04,5.185756683349609
8.73,14.042442321777344
13.96,9.632553100585938
10.82,5.7637939453125
10.27,11.28469467163086
6.87,2.8475770950317383
11.92,0.5204582214355469
7.24,3.3774023056030273
9.68,4.108673095703125
11.45,3.4865684509277344
9.95,0.458587646484375
11.97,5.041374206542969
13.43,3.0469398498535156
7.16,4.121401786804199
11.61,4.69865608215332
11.08,1.9645004272460938
10.7,0.6713676452636719
10.76,1.7037105560302734
10.55,4.846895217895508
8.3,0.725830078125
9.64,8.194215774536133
11.18,5.455665588378906
10.55,2.607969284057617
12.67,2.247640609741211
9.49,2.3107662200927734
11.73,2.092836380004883
12.36,8.649023056030273
10.94,9.434850692749023
11.14,6.172369003295898
9.94,1.6773929595947266
14.04,1.4494667053222656
10.95,2.767292022705078
10.39,2.0337791442871094
9.13,10.749893188476562
10.08,6.2531890869140625
9.95,2.452272415161133
10.43,2.5121402740478516
11.55,5.180639266967773
8.69,0.42154693603515625
10.66,1.946014404296875
11.56,1.2023963928222656
11.81,0.16111183166503906
11.05,5.104034423828125
12.93,13.164554595947266
15.01,13.46689224243164
11.18,2.4171066284179688
10.49,6.3578290939331055
11.53,3.535064697265625
10.45,4.214622497558594
11.64,1.5539112091064453
10.81,0.8049125671386719
12.58,2.7232322692871094
8.34,3.7130908966064453
8.75,7.457550048828125
11.25,1.7098865509033203
8.55,0.8708076477050781
12.5,4.157260894775391
9.84,1.7783527374267578
9.84,5.711618423461914
11.39,5.973888397216797
11.47,1.5416183471679688
10.65,3.670398712158203
14.68,8.797508239746094
11.18,9.030584335327148
10.95,3.515697479248047
11.65,8.099079132080078
13.29,1.4017715454101562
10.45,1.4564361572265625
8.84,5.659685134887695
6.72,2.192096710205078
10.36,1.2936134338378906
13.93,0.7948455810546875
15.29,2.2863121032714844
8.77,3.3106117248535156
14.65,9.566337585449219
11.32,1.7144508361816406
13.48,3.6177291870117188
9.12,3.323709487915039
13.78,4.563093185424805
8.85,5.772613525390625
11.36,0.6171245574951172
10.02,4.53648567199707
11.48,1.1926918029785156
11.97,2.430929183959961
10.61,0.4916877746582031
10.8,2.3883018493652344
13.52,1.0075759887695312
7.05,5.810854434967041
7.61,15.9034423828125
11.02,0.2793235778808594
10.54,3.799886703491211
11.2,0.5620231628417969
13.28,0.09767913818359375
10.0,5.674648284912109
10.41,1.0609092712402344
10.71,1.4759559631347656
13.63,1.0804328918457031
8.76,11.11141586303711
6.71,2.0176186561584473
6.67,1.4391593933105469
9.05,4.805391311645508
9.49,12.898231506347656
10.0,10.63418960571289
8.23,4.2345170974731445
11.52,2.1506118774414062
11.96,2.996509552001953
10.97,3.3558387756347656
10.66,4.304620742797852
10.78,1.0797786712646484
10.08,3.4014549255371094
6.27,0.6669144630432129
10.57,2.3574790954589844
11.19,0.19997024536132812
6.5,0.5395655632019043
9.59,3.7420654296875
6.86,2.3944506645202637
10.44,3.011016845703125
11.84,0.8742141723632812
10.64,3.1728744506835938
0.51,3.1043217182159424
10.28,1.5122299194335938
0.45,3.4572744369506836
11.98,3.5482730865478516
10.75,3.3189640045166016
6.72,4.904664039611816
10.41,10.456130981445312
11.57,12.007404327392578
11.13,3.670255661010742
9.97,3.3161869049072266
10.73,7.522077560424805
13.58,3.2015724182128906
9.93,6.768930435180664
10.07,0.9227981567382812
10.81,1.0460433959960938
14.35,2.246337890625
7.96,8.88840103149414
9.25,5.8910064697265625
10.34,12.88347053527832
8.41,0.21701335906982422
11.19,1.508474349975586
8.12,1.0587940216064453
11.16,1.5482730865478516
11.24,7.449573516845703
10.58,1.0575637817382812
10.82,8.87386703491211
8.08,2.8017311096191406
9.77,4.846340179443359
11.68,2.1432113647460938
11.25,11.876178741455078
9.7,12.985269546508789
10.62,13.16938591003418
9.97,1.6711463928222656
10.25,6.277029037475586
10.3,6.327766418457031
7.23,4.002717971801758
10.85,3.877086639404297
9.65,3.2444381713867188
10.48,9.700311660766602
10.57,1.2845840454101562
11.79,4.430654525756836
11.18,0.30617332458496094
8.1,3.4045515060424805
10.78,5.841477394104004
10.61,8.505252838134766
6.6,3.716616630554199
11.25,8.143234252929688
12.68,3.051067352294922
11.95,1.446725845336914
10.02,2.2448997497558594
10.38,3.434030532836914
9.93,0.2214508056640625
10.51,3.596729278564453
10.7,5.951541900634766
11.17,4.559797286987305
7.07,3.7561559677124023
11.93,8.045604705810547
10.51,2.742769241333008
8.97,0.1450824737548828
10.11,9.530670166015625
10.69,8.400142669677734
10.27,5.430271148681641
9.59,2.1927356719970703
11.03,2.3559131622314453
9.53,8.06147575378418
9.82,0.5747394561767578
10.03,3.434284210205078
10.97,2.8815155029296875
11.91,6.147420883178711
11.02,5.5213470458984375
9.63,2.443002700805664
10.66,6.180240631103516
10.42,9.448816299438477
10.17,8.002294540405273
10.87,4.378488540649414
11.49,3.687366485595703
11.77,1.3666419982910156
14.58,4.912847518920898
11.16,2.7992630004882812
11.94,4.87834358215332
0.83,3.351184844970703
11.23,6.784679412841797
10.56,10.088682174682617
13.34,1.4669303894042969
10.54,2.684164047241211
12.0,7.626279830932617
10.4,9.100305557250977
10.64,4.373958587646484
10.71,0.7949371337890625
11.58,8.807653427124023
10.63,4.024312973022461
8.45,0.2632274627685547
10.36,5.817180633544922
10.18,0.8039894104003906
11.32,5.303108215332031
9.09,6.7396087646484375
7.69,14.493677139282227
12.42,3.3106460571289062
11.32,0.8236942291259766
9.66,3.963937759399414
10.37,4.085695266723633
7.03,2.5438919067382812
11.34,13.345663070678711
11.25,0.747283935546875
9.89,2.6801834106445312
9.8,2.37725830078125
11.06,0.8132705688476562
9.22,6.028942108154297
10.94,5.084619522094727
11.23,2.0465087890625
0.5,5.210971832275391
11.04,11.11440658569336
9.69,4.336408615112305
10.16,1.684906005859375
8.56,6.8469085693359375
8.83,2.621379852294922
11.59,1.6604843139648438
8.71,6.847137451171875
9.67,5.313625335693359
14.99,11.717273712158203
14.67,14.942588806152344
11.31,11.641345977783203
11.4,1.687887191772461
11.89,2.423757553100586
9.53,3.094846725463867
10.75,2.7299747467041016
0.69,4.620350360870361
11.89,1.981485366821289
10.27,0.9896469116210938
9.61,4.480701446533203
10.72,1.5349369049072266
13.66,0.9026908874511719
11.05,1.9420585632324219
10.88,2.977792739868164
6.5,1.3207125663757324
9.63,0.8928298950195312
9.72,8.549552917480469
11.56,0.0657806396484375
6.5,1.0639142990112305
10.47,0.5278835296630859
10.2,0.3466949462890625
13.33,0.5571975708007812
0.93,1.8305284976959229
9.48,10.164854049682617
10.65,1.3742504119873047
10.23,9.784852981567383
11.24,2.581951141357422
10.92,3.0754470825195312
11.32,1.5570716857910156
8.14,3.0852718353271484
14.52,2.647113800048828
10.73,21.211944580078125
7.45,1.9784622192382812
9.27,5.3803253173828125
10.18,5.477179527282715
11.64,1.5263252258300781
6.5,3.2319040298461914
10.62,6.019697189331055
11.84,3.014402389526367
1.38,3.562952995300293
11.63,3.1380863189697266
6.95,6.675740718841553
11.1,2.368480682373047
10.92,1.7934608459472656
10.77,5.8449554443359375
11.94,2.150127410888672
10.38,8.765571594238281
0.77,3.9372613430023193
11.9,3.8773193359375
12.13,2.831371307373047
8.92,0.7030963897705078
11.54,2.7296714782714844
7.7,3.035825729370117
10.86,0.14249420166015625
11.41,2.346120834350586
6.6,0.9346857070922852
10.69,2.632434844970703
11.34,4.139001846313477
10.55,2.746286392211914
10.44,4.691953659057617
13.72,1.9092788696289062
10.52,1.670013427734375
11.39,4.19732666015625
12.27,3.0380897521972656
10.25,1.897359848022461
10.26,5.664419174194336
9.35,9.004520416259766
9.41,0.8519783020019531
8.41,1.3302783966064453
11.05,6.9398956298828125
11.33,2.6275558471679688
11.26,3.5057029724121094
14.8,11.041666030883789
11.94,1.014974594116211
14.21,1.2426300048828125
11.64,2.077268600463867
10.21,1.7800369262695312
8.68,2.9677295684814453
10.51,24.023693084716797
10.6,10.355133056640625
11.15,5.720312118530273
13.55,1.1763877868652344
10.37,4.357700347900391
10.06,2.0374298095703125
11.2,3.1128921508789062
6.92,2.4496240615844727
11.38,1.3666763305664062
11.11,5.464754104614258
12.03,2.321561813354492
13.33,4.82331657409668
15.58,5.8802947998046875
11.94,8.054176330566406
11.55,1.5493946075439453
11.24,2.8527793884277344
10.81,7.866018295288086
12.18,6.372123718261719
14.08,1.659912109375
12.55,1.6501407623291016
11.7,0.9709320068359375
9.77,3.442249298095703
13.7,1.0909004211425781
8.66,8.93476676940918
14.36,8.025508880615234
11.72,4.301265716552734
10.89,4.166688919067383
8.96,14.636444091796875
12.78,12.477310180664062
11.76,4.009119033813477
12.29,4.071681976318359
10.61,12.739789962768555
10.72,4.201175689697266
12.07,4.104652404785156
10.43,5.988286972045898
10.34,1.0051136016845703
8.19,1.3335275650024414
0.62,4.660881996154785
10.82,5.967674255371094
10.74,1.3804473876953125
7.19,2.9972410202026367
10.19,4.805715560913086
11.97,3.5963783264160156
0.58,2.446388006210327
14.34,8.626821517944336
10.8,2.989665985107422
9.63,6.280134201049805
8.76,8.341983795166016
12.1,2.739704132080078
14.12,3.803314208984375
9.11,0.2558021545410156
10.37,1.2471275329589844
11.68,4.767217636108398
10.73,2.254179000854492
11.4,1.9254646301269531
9.28,0.5642738342285156
10.49,1.1041755676269531
13.08,2.276203155517578
8.75,1.3153762817382812
10.86,1.7800827026367188
10.09,7.835899353027344
10.49,1.0868473052978516
7.17,5.636616230010986
11.91,3.1569042205810547
15.06,11.763345718383789
12.17,2.4239578247070312
11.32,11.282075881958008
15.58,9.23659896850586
10.32,3.6268882751464844
13.82,7.454380035400391
10.88,13.81021499633789
11.12,1.6683292388916016
11.12,1.4499053955078125
11.68,2.9023971557617188
6.23,6.025979042053223
10.57,4.2133026123046875
11.42,0.242340087890625
10.12,1.5287952423095703
11.94,0.6259384155273438
9.85,10.708786010742188
13.09,7.64990234375
9.28,7.253473281860352
10.21,2.3654117584228516
10.83,0.8444423675537109
7.0,3.3616981506347656
11.78,3.0530452728271484
9.27,8.68829345703125
11.95,1.6094779968261719
10.22,11.152387619018555
10.92,1.1706581115722656
9.63,15.150693893432617
10.56,1.9294795989990234
10.58,5.060092926025391
11.43,1.3508224487304688
12.08,4.361785888671875
11.31,2.277374267578125
7.4,4.185030937194824
10.46,6.750728607177734
10.23,1.8604354858398438
11.54,13.988618850708008
11.87,1.3947620391845703
6.82,2.499020576477051
10.96,2.9676284790039062
7.47,5.065448760986328
12.06,6.158966064453125
10.58,12.336599349975586
10.8,1.0779533386230469
10.8,8.330617904663086
9.72,0.8489551544189453
10.66,3.999309539794922
13.98,0.10602951049804688
9.07,7.09332275390625
9.51,6.079572677612305
11.92,6.124763488769531
11.84,0.021242141723632812
11.59,3.8749237060546875
9.18,13.964296340942383
9.97,4.521564483642578
11.04,5.4509735107421875
8.63,8.336315155029297
11.34,6.414777755737305
12.41,2.3945255279541016
10.34,0.8421516418457031
8.56,2.0293655395507812
8.25,1.038543701171875
10.39,9.53448486328125
9.41,7.305412292480469
11.39,4.481727600097656
10.5,11.607749938964844
13.12,6.682971954345703
11.01,6.088481903076172
10.67,2.4322662353515625
10.82,1.0294513702392578
5.7,11.041184425354004
10.37,1.3404769897460938
11.0,0.6284294128417969
7.06,3.169919967651367
11.68,2.2383270263671875
11.68,0.27906036376953125
8.5,2.9324951171875
11.47,0.7019004821777344
8.86,8.809040069580078
9.92,1.3055343627929688
13.64,3.6602020263671875
10.77,1.8946094512939453
10.68,0.39232635498046875
11.39,7.237033843994141
10.52,4.997425079345703
12.11,5.939395904541016
8.54,9.316812515258789
10.26,7.521595001220703
10.49,2.9993209838867188
10.75,2.077728271484375
11.54,0.28487205505371094
10.92,3.592653274536133
10.28,2.7891769409179688
10.34,3.1176376342773438
10.28,2.683765411376953
7.24,4.197140216827393
10.78,3.5915679931640625
11.99,4.314300537109375
10.39,4.551921844482422
11.78,14.267480850219727
14.13,8.658222198486328
11.04,5.083564758300781
14.26,6.6515350341796875
10.87,8.406627655029297
10.14,2.1223278045654297
11.98,1.1766681671142578
12.04,10.87982177734375
11.19,11.191822052001953
11.31,1.7074317932128906
10.85,17.800926208496094
12.81,3.704822540283203
10.04,10.06733512878418
9.14,8.306148529052734
11.68,5.716485977172852
10.76,5.097600936889648
11.03,3.1898956298828125
8.89,2.2013702392578125
10.53,4.353376388549805
11.26,4.176424026489258
6.41,2.6349267959594727
6.53,1.8850135803222656
11.18,2.1562271118164062
6.74,0.6344790458679199
10.02,1.8970794677734375
9.09,10.615938186645508
10.37,2.798309326171875
9.69,8.03512954711914
10.64,0.01274871826171875
10.93,2.5769786834716797
12.38,11.848150253295898
14.97,8.446327209472656
11.13,1.7081298828125
8.61,3.545133590698242
9.94,1.5169258117675781
10.14,4.210367202758789
10.23,4.127525329589844
9.57,0.5519294738769531
9.83,2.9820289611816406
9.86,4.006305694580078
12.0,0.05873680114746094
11.01,3.2656326293945312
10.55,2.957284927368164
6.88,4.213842391967773
8.7,4.82237434387207
11.25,2.1507339477539062
10.55,0.8786773681640625
11.2,2.9863319396972656
10.12,0.7299957275390625
10.81,1.8917713165283203
9.94,0.13565444946289062
11.72,1.6469593048095703
11.0,8.758325576782227
10.45,1.4962711334228516
10.12,2.099000930786133
8.47,4.830862045288086
12.52,2.58740234375
10.91,4.448657989501953
9.72,12.001067161560059
8.46,1.0148162841796875
14.63,11.788475036621094
8.14,2.0151424407958984
14.38,0.82196044921875
9.46,0.4287586212158203
11.7,2.5333900451660156
10.27,10.93510627746582
12.02,2.2102394104003906
10.58,26.417434692382812
13.95,4.515026092529297
9.35,16.202129364013672
10.91,2.0645904541015625
10.13,1.756256103515625
9.83,8.64719009399414
10.91,3.733081817626953
10.17,0.9874763488769531
9.06,6.207599639892578
11.49,2.8184890747070312
12.36,2.7544612884521484
13.49,3.0053176879882812
11.98,2.5134506225585938
7.12,5.083001613616943
11.17,2.4534435272216797
9.69,0.10501480102539062
11.05,6.49091911315918
10.52,0.8371543884277344
8.66,4.077358245849609
7.56,0.5777225494384766
11.76,2.9553794860839844
11.12,9.145282745361328
6.88,0.602381706237793
10.39,0.8985061645507812
8.92,5.819389343261719
10.46,2.892658233642578
9.38,4.570802688598633
10.9,0.10637664794921875
11.69,17.798282623291016
10.04,0.07268905639648438
10.57,10.154060363769531
12.14,7.945547103881836
0.69,4.082413673400879
14.09,6.538658142089844
11.04,9.980722427368164
6.27,6.638399124145508
15.2,6.205106735229492
10.46,0.6303901672363281
13.55,1.2034034729003906
11.66,0.8571929931640625
10.62,10.367103576660156
11.52,0.058910369873046875
10.64,3.839710235595703
11.54,4.818582534790039
10.49,0.6668663024902344
10.22,0.50787353515625
11.88,2.094970703125
11.67,15.769428253173828
11.61,7.186262130737305
11.95,7.443017959594727
10.78,4.814220428466797
11.49,6.948955535888672
11.5,1.9629287719726562
12.08,2.371316909790039
10.62,0.6021194458007812
10.94,2.9414501190185547
10.49,1.6627693176269531
9.93,6.571159362792969
11.64,3.2184600830078125
10.06,10.685127258300781
11.92,3.424694061279297
11.78,4.508739471435547
11.63,3.678253173828125
13.8,3.630817413330078
11.63,0.9141254425048828
10.36,11.714239120483398
10.78,2.520864486694336
11.1,6.451419830322266
6.79,4.64997673034668
6.11,6.365558624267578
10.49,2.7030773162841797
10.73,4.650440216064453
11.89,5.650867462158203
10.8,4.398548126220703
8.16,6.243669509887695
14.54,9.352291107177734
6.94,3.2612295150756836
10.68,3.786844253540039
11.13,3.9252243041992188
11.58,3.7630157470703125
10.03,3.1424598693847656
11.53,4.388517379760742
9.38,0.644927978515625
6.77,4.141018867492676
10.88,6.899438858032227
6.68,2.0306830406188965
11.57,5.278774261474609
10.6,3.449481964111328
10.98,5.79783821105957
10.51,5.470399856567383
11.31,2.153360366821289
6.8,5.330024719238281
0.54,4.454503059387207
10.46,5.508823394775391
10.89,3.2929039001464844
12.08,1.4741191864013672
10.29,3.196544647216797
11.43,1.3951835632324219
7.91,0.37925148010253906
10.42,0.9672622680664062
8.96,15.22161865234375
13.95,8.770214080810547
10.49,1.057077407836914
11.93,6.759149551391602
10.4,8.949687957763672
10.05,4.380947113037109
12.03,2.9248580932617188
11.93,4.653907775878906
10.39,1.8752555847167969
10.39,0.7666854858398438
11.4,1.5219612121582031
10.38,5.590127944946289
10.97,10.648788452148438
11.18,0.2787799835205078
11.46,1.4362258911132812
11.85,15.194679260253906
12.1,7.655872344970703
10.1,0.4616889953613281
0.83,4.244107723236084
0.59,2.4671146869659424
0.51,2.6860740184783936
8.79,4.382637023925781
13.33,1.7222213745117188
10.51,7.098262786865234
7.24,3.432978630065918
11.02,3.9526023864746094
10.79,10.987541198730469
13.8,1.5915565490722656
8.0,3.3107919692993164
11.01,6.784688949584961
12.02,2.7738418579101562
12.93,4.136386871337891
10.51,8.31423568725586
14.99,9.596107482910156
8.54,1.9768238067626953
10.67,0.6243934631347656
10.98,0.7890262603759766
10.26,0.7416343688964844
11.33,7.578678131103516
11.51,5.405191421508789
10.55,2.976428985595703
10.6,4.608797073364258
10.43,4.9597625732421875
11.67,0.7109146118164062
10.33,0.2004108428955078
10.35,8.152851104736328
7.58,15.41108512878418
9.63,2.569486618041992
10.12,4.102323532104492
14.43,2.580333709716797
12.75,3.048543930053711
10.31,22.209501266479492
7.2,4.752943515777588
11.53,2.8433170318603516
10.4,5.202217102050781
13.93,1.7740287780761719
11.77,4.31818962097168
15.39,10.862789154052734
9.98,2.745410919189453
10.88,2.933055877685547
10.22,5.422728538513184
10.96,6.006818771362305
7.04,3.431443214416504
10.58,0.047760009765625
10.81,10.503105163574219
12.41,4.669277191162109
12.81,5.540824890136719
14.55,10.333948135375977
10.04,4.94805908203125
6.82,1.7968993186950684
11.86,2.204214096069336
12.65,0.9755439758300781
8.61,7.01991081237793
10.52,3.8558349609375
11.2,7.656343460083008
12.1,5.112356185913086
10.8,7.6356964111328125
11.69,1.1063365936279297
11.49,1.2865123748779297
9.77,6.433202743530273
9.4,4.889278411865234
8.14,0.8461227416992188
11.7,0.9702930450439453
11.78,3.370494842529297
11.72,1.2198448181152344
6.19,6.62021541595459
11.39,0.7362213134765625
6.93,4.247921943664551
11.74,2.3120250701904297
10.49,0.5145969390869141
6.61,4.989860534667969
9.81,7.324056625366211
11.88,3.252796173095703
9.58,1.4177818298339844
12.17,1.9708538055419922
14.45,6.029537200927734
14.13,6.227806091308594
13.06,3.245370864868164
10.55,14.712457656860352
10.51,4.101039886474609
11.57,4.129726409912109
8.24,3.7539405822753906
11.74,7.031560897827148
15.67,15.277229309082031
11.52,6.916223526000977
8.19,18.040054321289062
10.57,1.2795772552490234
10.08,6.332769393920898
11.72,8.026004791259766
6.37,0.35245323181152344
9.42,2.7923011779785156
11.95,5.052251815795898
9.59,8.235452651977539
14.31,6.9427490234375
11.46,2.433483123779297
11.93,5.370473861694336
11.82,2.185253143310547
9.81,9.08378791809082
8.72,7.092496871948242
10.22,2.691516876220703
11.76,5.642038345336914
9.76,6.3124847412109375
10.5,0.7788429260253906
10.33,2.5646190643310547
11.02,0.052204132080078125
10.04,0.8134288787841797
8.22,1.8242683410644531
11.94,7.324636459350586
8.78,4.1444549560546875
11.23,1.6408882141113281
9.31,1.7306060791015625
11.52,3.1201000213623047
12.86,3.676860809326172
10.5,3.3781070709228516
12.05,2.8771705627441406
10.48,1.3763771057128906
11.77,2.5930633544921875
10.56,3.526866912841797
9.9,1.4163360595703125
12.46,1.3799991607666016
7.38,5.600624084472656
11.71,7.398679733276367
11.9,1.1494979858398438
10.75,2.0763416290283203
11.44,4.5492401123046875
10.01,2.379110336303711
11.45,11.43842887878418
10.35,10.179166793823242
11.54,0.6436424255371094
11.88,3.1427764892578125
6.17,1.185366153717041
11.23,1.8969783782958984
11.7,3.126749038696289
8.19,7.145345687866211
9.48,7.199239730834961
6.36,6.6449384689331055
11.6,1.3441181182861328
12.76,1.3543968200683594
10.62,1.9030647277832031
10.32,10.075441360473633
10.95,0.030008316040039062
10.67,6.185779571533203
9.85,2.0234317779541016
8.69,10.825948715209961
6.25,4.912853240966797
10.71,1.4624137878417969
10.5,10.396230697631836
14.3,12.037324905395508
12.26,1.9855079650878906
11.67,0.7712001800537109
11.41,0.5838584899902344
10.21,4.304571151733398
10.39,2.553997039794922
11.76,1.642873764038086
10.66,6.103029251098633
8.66,4.984811782836914
12.89,2.470630645751953
8.89,5.398557662963867
11.61,0.3903846740722656
10.99,2.598051071166992
10.22,8.815519332885742
0.52,3.1013786792755127
10.11,2.2026309967041016
0.59,4.528688430786133
9.11,7.639686584472656
11.9,6.240764617919922
9.36,2.1003074645996094
11.76,3.27008056640625
10.3,3.0286293029785156
11.59,3.098480224609375
11.67,6.967029571533203
10.28,1.3167610168457031
10.99,13.251415252685547
10.76,4.02989387512207
10.21,4.205059051513672
10.46,10.918615341186523
15.32,8.28969955444336
11.8,4.104227066040039
10.52,0.9554252624511719
13.91,5.163845062255859
13.51,2.7487220764160156
10.24,9.237398147583008
10.38,2.732524871826172
12.76,2.5075721740722656
10.47,5.480489730834961
12.05,2.4496116638183594
11.69,1.4227790832519531
11.51,3.752229690551758
15.03,6.842926025390625
10.81,4.469532012939453
6.59,5.242044448852539
7.09,3.8141660690307617
11.22,2.5121536254882812
11.22,1.015310287475586
9.95,8.454612731933594
10.03,18.792760848999023
6.65,1.048306941986084
8.76,5.673017501831055
11.77,1.650604248046875
11.2,0.349517822265625
13.02,2.6868972778320312
11.06,1.0188713073730469
11.45,3.2843246459960938
11.09,10.991199493408203
14.81,2.5595932006835938
10.75,4.014331817626953
11.74,9.006633758544922
10.55,0.9302101135253906
11.32,0.4244575500488281
8.15,1.6727123260498047
11.99,1.8992195129394531
10.27,1.2158794403076172
10.6,1.1526317596435547
10.79,1.3917884826660156
11.0,3.280517578125
9.86,1.8758201599121094
13.2,1.4007797241210938
8.73,2.386913299560547
9.33,8.915359497070312
11.33,0.4984703063964844
9.74,4.374311447143555
12.35,1.7342262268066406
11.05,0.22297286987304688
11.33,4.182254791259766
11.96,2.8828163146972656
11.58,2.472503662109375
11.72,0.503662109375
11.83,1.8226585388183594
11.05,7.436927795410156
6.69,1.913280963897705
7.7,4.519369125366211
11.31,2.2275447845458984
10.65,6.114398956298828
10.33,0.06403732299804688
9.48,11.997396469116211
10.2,1.8742427825927734
7.62,3.275360107421875
10.6,0.8439254760742188
13.72,0.2392730712890625
11.43,4.802616119384766
10.28,3.2646427154541016
10.86,23.571754455566406
11.88,4.887580871582031
10.2,2.874155044555664
11.6,14.813600540161133
14.47,11.248924255371094
9.8,0.0016002655029296875
14.05,0.8690376281738281
10.48,9.487642288208008
12.49,3.6341552734375
10.25,0.05975151062011719
10.97,2.013967514038086
11.65,4.723930358886719
10.32,8.535440444946289
8.53,6.477989196777344
10.24,1.5242023468017578
10.8,4.398252487182617
11.52,0.8099288940429688
10.6,5.927543640136719
8.87,4.415962219238281
10.77,9.526649475097656
10.87,5.732509613037109
10.56,0.7588157653808594
7.06,5.119374752044678
11.64,2.446857452392578
11.1,1.4348373413085938
11.92,4.98687744140625
13.92,5.7986297607421875
10.73,6.050067901611328
10.55,5.553783416748047
9.82,8.15488052368164
9.97,5.4066009521484375
11.82,1.5696048736572266
10.23,8.430290222167969
10.78,4.664216995239258
10.36,4.920925140380859
10.71,0.03798103332519531
10.82,8.341171264648438
10.45,3.1915416717529297
11.53,1.9787158966064453
12.66,1.1188621520996094
10.26,0.6747016906738281
9.92,2.3815269470214844
7.33,2.229299545288086
11.6,0.5214958190917969
9.18,4.287637710571289
11.49,4.516292572021484
10.85,0.6082592010498047
14.46,5.1463165283203125
9.58,4.890621185302734
11.23,2.831592559814453
0.59,4.170492172241211
8.76,0.5465545654296875
11.38,1.5949554443359375
11.08,4.088254928588867
13.68,0.4927654266357422
10.71,9.391572952270508
11.74,6.836275100708008
11.06,1.149972915649414
9.48,0.7291221618652344
11.2,2.1730308532714844
9.68,2.918689727783203
12.24,5.612060546875
6.91,5.3020453453063965
8.81,0.4393196105957031
11.87,2.9119739532470703
9.54,7.8265380859375
11.7,2.1258907318115234
10.91,21.00051498413086
8.46,5.360246658325195
14.02,0.5897598266601562
10.12,0.01471710205078125
6.67,0.8050761222839355
9.88,3.4949989318847656
9.24,13.47049331665039
11.86,1.5613975524902344
10.37,1.7161827087402344
11.79,6.105924606323242
7.41,5.307699203491211
10.91,1.3085556030273438
13.63,2.6815643310546875
14.6,5.178058624267578
6.99,2.4032039642333984
10.26,5.642509460449219
11.37,2.486064910888672
10.66,10.531173706054688
6.71,0.9188113212585449
9.01,7.07536506652832
11.97,5.651187896728516
9.26,6.848045349121094
11.71,3.164684295654297
8.0,4.250095367431641
11.79,1.1061058044433594
10.5,3.8636341094970703
10.66,3.2306175231933594
10.27,3.368917465209961
11.7,4.732461929321289
12.8,4.174720764160156
12.53,4.571453094482422
11.42,6.410717010498047
11.86,2.0188446044921875
6.84,2.2296080589294434
11.32,10.715003967285156
9.67,9.447032928466797
14.59,9.588720321655273
14.39,5.404529571533203
13.76,3.579132080078125
7.92,4.714508056640625
11.26,5.49517822265625
10.44,4.932285308837891
9.26,0.3358879089355469
10.0,4.020296096801758
7.21,3.977407932281494
11.77,4.440372467041016
9.52,3.0753231048583984
13.36,1.3837547302246094
11.91,4.738969802856445
14.93,0.4107780456542969
11.42,2.2815208435058594
12.53,0.0097198486328125
15.2,12.463325500488281
12.29,5.140922546386719
11.38,3.684955596923828
7.18,4.828978538513184
10.73,9.415275573730469
10.75,4.672939300537109
11.55,2.667530059814453
10.17,3.5534591674804688
10.79,3.9937973022460938
10.58,6.867670059204102
11.54,1.7620906829833984
12.27,3.8710670471191406
11.74,2.5083751678466797
11.69,0.9673957824707031
14.83,10.159717559814453
6.69,4.012950420379639
10.68,5.129865646362305
11.83,0.26333045959472656
9.6,7.196050643920898
12.79,10.013727188110352
7.21,4.209066867828369
13.59,0.5171966552734375
11.58,4.671022415161133
11.65,0.5373344421386719
11.49,5.6811065673828125
10.29,7.218616485595703
9.86,1.0885047912597656
10.59,8.966171264648438
6.46,4.478043556213379
13.67,0.4755287170410156
10.0,6.115030288696289
8.36,1.9861621856689453
11.85,3.2174339294433594
10.95,9.394786834716797
14.47,5.958488464355469
11.55,1.7937278747558594
9.52,2.7606773376464844
11.46,4.063112258911133
6.53,0.2652573585510254
8.37,9.561397552490234
11.21,6.248071670532227
9.92,4.370914459228516
8.06,3.462116241455078
11.88,4.1012725830078125
11.84,4.482490539550781
11.02,2.312763214111328
11.69,1.2661018371582031
14.73,21.774425506591797
10.98,5.252220153808594
10.46,8.820972442626953
10.55,2.547229766845703
11.85,5.607025146484375
10.7,1.6914119720458984
11.69,2.8568458557128906
11.8,4.137996673583984
9.55,4.058565139770508
13.93,0.756927490234375
9.98,0.7091598510742188
7.75,0.38537120819091797
11.96,1.9896354675292969
7.06,7.109551906585693
9.14,8.904800415039062
11.26,0.6137580871582031
7.51,4.959420680999756
9.74,7.796897888183594
10.68,1.8476238250732422
11.73,1.3995399475097656
10.07,8.529619216918945
9.4,0.03468894958496094
8.18,3.2475032806396484
11.68,0.6292457580566406
10.87,13.463775634765625
10.79,6.13575553894043
9.81,2.1815223693847656
10.05,5.003903388977051
8.41,0.89459228515625
8.32,2.70172119140625
8.6,4.493354797363281
10.45,3.882181167602539
10.82,2.5462913513183594
12.84,1.7103767395019531
10.01,2.8647689819335938
13.19,1.7531700134277344
10.54,1.2614555358886719
11.56,2.9323787689208984
8.08,3.7309226989746094
11.16,12.281698226928711
9.97,2.3125152587890625
10.39,7.83582878112793
10.99,0.9705581665039062
10.44,7.049398422241211
11.07,0.8197402954101562
14.29,7.093105316162109
11.33,0.038166046142578125
10.22,6.886951446533203
10.48,5.365198135375977
10.7,0.6998939514160156
11.74,6.45002555847168
8.44,0.2860727310180664
10.51,0.2352275848388672
9.9,13.283166885375977
10.19,3.4630680084228516
11.37,0.5627498626708984
11.28,5.950794219970703
11.5,1.9474220275878906
10.88,1.9542064666748047
10.91,1.2413825988769531
10.23,5.017797470092773
10.71,0.5572166442871094
11.63,4.150287628173828
10.67,2.9934940338134766
7.44,3.583871841430664
14.19,3.836824417114258
9.7,0.5862541198730469
10.06,10.707283020019531
0.67,4.997026443481445
10.62,1.7298908233642578
8.72,6.531538009643555
11.49,3.2578392028808594
9.96,1.35186767578125
11.61,15.245887756347656
10.8,3.9562454223632812
9.88,5.095220565795898
10.39,4.589849472045898
6.57,1.120729923248291
11.21,10.57522964477539
6.5,2.4515199661254883
11.4,9.001543045043945
12.65,3.5348453521728516
13.81,1.1029777526855469
10.42,0.9910240173339844
10.03,2.053192138671875
7.98,1.374837875366211
10.07,1.9344596862792969
11.45,2.3449325561523438
10.15,2.6834487915039062
11.38,5.155925750732422
10.92,9.192455291748047
7.96,2.6799259185791016
9.75,0.11650848388671875
11.48,5.086009979248047
10.73,3.7311534881591797
10.74,0.2433605194091797
10.52,3.004079818725586
10.86,3.0106143951416016
13.55,1.2387542724609375
10.82,3.798459053039551
11.02,4.958961486816406
3.92,1.9233698844909668
8.85,10.00318717956543
11.45,4.963573455810547
10.45,6.732736587524414
10.65,3.579803466796875
8.37,2.8758182525634766
10.46,0.5116920471191406
11.94,1.9922676086425781
12.17,2.617849349975586
10.08,2.169544219970703
13.8,1.8103599548339844
10.45,5.010568618774414
12.52,0.046306610107421875
10.56,9.482105255126953
13.87,1.6240196228027344
7.09,3.7756567001342773
10.25,4.540637969970703
9.41,3.7238121032714844
11.38,5.481208801269531
6.69,3.4064435958862305
11.54,1.082977294921875
10.89,1.1075725555419922
7.15,7.197795391082764
11.91,5.827558517456055
11.44,2.559478759765625
10.77,4.89349365234375
10.26,5.597080230712891
11.66,1.7106800079345703
10.33,5.816073417663574
8.59,4.784797668457031
9.96,6.131254196166992
10.01,2.4016075134277344
10.86,9.91778564453125
11.62,1.292745590209961
13.14,5.0936737060546875
11.9,1.9463577270507812
11.78,1.4250411987304688
14.65,11.819723129272461
11.6,1.083658218383789
11.37,1.2888469696044922
12.57,7.606243133544922
14.66,10.848428726196289
12.79,3.0452308654785156
11.29,4.377414703369141
9.18,0.3629951477050781
9.96,4.03192138671875
12.02,3.094686508178711
9.69,6.887907028198242
12.25,1.4530277252197266
9.69,3.2516136169433594
10.85,1.5866336822509766
10.43,1.7149887084960938
7.15,5.4215826988220215
11.54,3.1670074462890625
10.4,0.3103046417236328
13.91,0.5510025024414062
14.23,1.2155418395996094
10.94,1.0197811126708984
13.13,5.136745452880859
10.49,6.5500030517578125
7.08,4.407812118530273
8.39,0.29645538330078125
10.71,0.5921154022216797
10.15,0.3214244842529297
11.99,1.5616073608398438
11.57,2.229921340942383
10.8,6.690362930297852
11.54,14.071989059448242
9.67,2.284423828125
11.16,13.549579620361328
10.53,2.0791664123535156
11.32,10.128612518310547
11.63,13.794097900390625
11.56,2.0644149780273438
10.62,4.078554153442383
6.76,3.0867977142333984
14.72,10.75432014465332
9.72,7.966072082519531
10.34,3.188566207885742
8.38,14.142936706542969
8.5,3.0135269165039062
10.88,1.618692398071289
11.48,0.7015190124511719
9.6,0.2255115509033203
11.42,0.283935546875
10.04,13.902315139770508
11.32,2.7795333862304688
11.12,1.0976829528808594
11.13,3.4566001892089844
14.89,5.386741638183594
10.55,2.7691307067871094
6.77,6.189709186553955
11.41,2.5685577392578125
11.23,0.504791259765625
10.15,1.0386123657226562
13.09,11.378833770751953
10.64,1.0874671936035156
11.24,0.7364311218261719
10.08,0.5233688354492188
10.34,5.734310150146484
12.83,3.2769851684570312
10.1,6.923126220703125
13.63,0.3382377624511719
10.58,0.09859466552734375
14.15,0.9969711303710938
13.05,3.1783714294433594
10.11,1.7183036804199219
6.62,0.8692288398742676
0.87,2.990553855895996
11.26,1.4874629974365234
9.03,12.577482223510742
11.35,0.7117958068847656
11.19,16.780536651611328
11.76,4.759260177612305
9.74,13.859708786010742
10.13,6.166316986083984
10.26,5.424966812133789
10.92,3.1951942443847656
9.84,2.9985885620117188
9.11,4.145603179931641
11.64,2.4388771057128906
10.55,3.729663848876953
10.62,0.8515548706054688
8.84,0.4859600067138672
11.64,3.7048988342285156
11.6,4.683557510375977
10.88,1.9110431671142578
6.76,5.828825950622559
10.81,2.971220016479492
8.57,0.24202537536621094
10.81,3.239339828491211
6.69,3.2152156829833984
10.89,2.236785888671875
11.46,3.266956329345703
13.65,1.1227836608886719
11.62,9.44940185546875
11.02,3.6189041137695312
10.61,3.4774246215820312
9.26,5.594944000244141
8.93,6.29541015625
13.02,6.925678253173828
9.74,6.577686309814453
11.71,0.4748992919921875
6.88,5.271778106689453
10.42,10.60013198852539
12.28,0.7736701965332031
12.04,0.28789710998535156
15.25,2.189861297607422
10.95,6.151149749755859
10.38,7.177934646606445
11.23,6.776468276977539
11.17,3.1400299072265625
6.5,2.196627140045166
10.59,10.063026428222656
10.0,4.412839889526367
11.39,12.741464614868164
10.28,3.042102813720703
10.29,1.0342369079589844
14.73,4.480510711669922
11.2,2.8001670837402344
10.54,7.361278533935547
10.36,5.273836135864258
0.62,6.048750877380371
0.55,3.1962976455688477
13.45,5.8628387451171875
14.8,0.5778846740722656
10.25,2.5548267364501953
10.25,0.8161449432373047
10.99,4.965658187866211
10.28,4.30433464050293
9.95,4.513835906982422
9.95,3.6226463317871094
14.07,7.063297271728516
8.97,6.033060073852539
11.13,4.62376594543457
11.76,2.188810348510742
10.07,1.3245601654052734
11.44,0.9436244964599609
14.14,2.5994205474853516
9.4,7.080726623535156
11.21,3.513864517211914
10.42,24.253650665283203
10.35,1.6687278747558594
10.74,9.003887176513672
10.84,1.1531257629394531
13.95,0.17492294311523438
7.2,5.447096347808838
11.45,0.0458221435546875
10.25,2.502349853515625
11.21,1.1960906982421875
7.09,7.361297130584717
13.01,4.194511413574219
9.03,4.784551620483398
10.74,8.228002548217773
8.6,1.1621551513671875
14.89,11.148920059204102
9.74,0.46665000915527344
11.54,3.5067672729492188
10.82,0.7526454925537109
10.56,1.7184791564941406
13.12,8.025123596191406
10.93,3.53094482421875
6.65,0.8154830932617188
10.16,1.0177001953125
13.35,1.0494098663330078
14.7,11.864999771118164
13.62,5.316263198852539
10.29,3.4272689819335938
10.38,1.0089607238769531
10.48,0.6774559020996094
9.52,6.103233337402344
11.67,8.403499603271484
10.99,2.5309600830078125
10.93,0.7472686767578125
12.1,2.62158203125
8.84,8.884204864501953
8.08,4.531194686889648
6.98,4.56635046005249
11.42,0.2724418640136719
11.88,2.1090431213378906
9.33,4.306324005126953
12.11,3.1472511291503906
9.9,6.80357551574707
9.7,1.532876968383789
12.32,3.9071292877197266
10.73,3.0096168518066406
14.18,3.0679588317871094
10.99,4.8948516845703125
11.32,3.5397300720214844
0.76,2.20015025138855
12.09,2.829038619995117
8.64,2.437936782836914
10.37,2.421304702758789
14.72,13.21359634399414
10.75,4.135370254516602
10.66,6.724672317504883
13.86,3.408649444580078
10.95,4.545900344848633
10.7,6.341241836547852
11.19,6.184268951416016
10.4,0.5476150512695312
11.83,7.583730697631836
14.0,0.38138580322265625
11.28,2.3118972778320312
12.61,7.269805908203125
9.91,3.708812713623047
10.38,19.236677169799805
11.0,2.1621627807617188
10.07,1.2664775848388672
8.57,3.0931758880615234
10.49,4.041400909423828
11.71,5.766323089599609
11.14,7.163524627685547
11.59,4.641351699829102
10.4,15.047657012939453
11.91,1.6508026123046875
10.88,0.8090744018554688
8.38,1.0362777709960938
11.86,1.8190441131591797
9.78,2.540609359741211
9.85,2.4351558685302734
6.57,1.121246337890625
11.67,1.0461158752441406
10.55,1.2494029998779297
10.35,3.991640090942383
12.03,5.415685653686523
11.81,5.625240325927734
11.5,1.619638442993164
6.43,1.4827208518981934
11.54,1.2190227508544922
0.64,6.276394844055176
13.56,1.6098670959472656
9.21,6.11372184753418
9.31,5.153472900390625
3.4,4.751094341278076
10.2,2.7155799865722656
10.41,2.415851593017578
11.6,0.11528587341308594
11.01,0.7271537780761719
10.3,2.6734848022460938
14.71,2.0165367126464844
10.89,0.07930755615234375
6.57,0.6602978706359863
11.85,0.8275623321533203
11.25,2.592153549194336
11.04,6.20892333984375
9.79,0.2566089630126953
10.09,14.48446273803711
10.96,5.190296173095703
11.56,5.307209014892578
11.99,0.7117919921875
10.61,0.4434967041015625
11.01,3.1939620971679688
9.57,6.178613662719727
8.75,2.2847442626953125
9.63,6.7828369140625
13.85,10.110603332519531
10.42,2.667652130126953
10.16,2.543191909790039
13.81,2.0144386291503906
10.21,2.448345184326172
10.38,3.6344032287597656
9.82,2.1725730895996094
13.04,4.001346588134766
8.82,3.470001220703125
10.65,0.001995086669921875
10.92,7.436532974243164
11.83,3.698162078857422
10.18,2.6616344451904297
9.49,4.964237213134766
10.23,0.8438606262207031
14.02,9.69546127319336
11.45,0.4380989074707031
9.59,9.499078750610352
4.17,1.1228961944580078
14.4,5.104175567626953
11.38,2.0140342712402344
10.91,3.4029998779296875
12.16,3.4907989501953125
14.44,2.946399688720703
11.47,1.2278633117675781
11.61,2.775279998779297
8.8,6.306602478027344
10.9,0.09669876098632812
10.53,1.3738822937011719
11.16,8.33731460571289
9.56,1.0935859680175781
9.56,0.8019275665283203
4.28,0.7831590175628662
11.6,2.8320274353027344
7.04,3.255748748779297
10.4,1.0998458862304688
8.84,2.9305572509765625
10.68,3.8818931579589844
9.39,4.476175308227539
11.11,0.8895626068115234
10.91,0.2570972442626953
8.62,2.6585655212402344
14.77,4.592735290527344
11.56,4.134117126464844
10.68,1.5328788757324219
7.22,4.17700719833374
10.28,12.129554748535156
10.97,2.637279510498047
11.58,2.7342281341552734
10.2,2.8961448669433594
10.38,2.5081958770751953
6.43,0.9273371696472168
10.64,2.803079605102539
11.86,3.849946975708008
10.35,11.12205696105957
10.39,2.5751895904541016
11.49,2.367433547973633
11.86,0.5116081237792969
10.98,7.0782318115234375
0.58,2.4600119590759277
10.55,2.8341064453125
14.42,0.3192596435546875
14.87,11.356512069702148
9.36,0.2691078186035156
11.29,0.38245201110839844
8.48,0.6295394897460938
11.63,3.185413360595703
13.4,3.7131690979003906
14.13,0.029491424560546875
9.85,3.5260066986083984
11.4,6.168416976928711
10.4,5.6618499755859375
10.16,5.55699348449707
10.76,4.187126159667969
11.72,1.4964599609375
10.44,6.148639678955078
10.18,2.196981430053711
10.44,1.9659881591796875
10.77,5.063085556030273
11.25,1.246490478515625
10.61,1.3840045928955078
10.55,2.513425827026367
10.79,1.1085281372070312
10.91,4.035308837890625
13.15,2.6844139099121094
10.05,9.182432174682617
11.66,4.80351448059082
10.62,6.664457321166992
8.59,1.9321613311767578
12.09,4.914154052734375
10.99,4.701526641845703
8.7,2.704683303833008
11.84,15.625448226928711
10.63,16.88939666748047
10.17,0.5201339721679688
9.16,5.9128570556640625
11.89,2.649717330932617
14.64,0.10796356201171875
12.02,1.4245147705078125
10.96,1.4274444580078125
11.33,3.911195755004883
11.07,3.96905517578125
11.38,3.2875919342041016
7.79,1.126479148864746
9.77,1.3142127990722656
10.58,1.4068241119384766
10.46,6.240657806396484
14.75,12.106513977050781
10.18,6.063926696777344
11.39,6.071107864379883
9.76,9.085906982421875
5.9,14.018667221069336
8.53,4.281158447265625
13.47,12.4881591796875
9.28,10.499895095825195
10.16,3.220834732055664
11.66,11.261478424072266
10.5,5.818316459655762
11.67,3.7690982818603516
10.88,0.5145282745361328
10.85,0.20282363891601562
8.08,0.8491077423095703
15.21,20.134502410888672
10.55,0.6360607147216797
9.97,8.967601776123047
10.76,4.313892364501953
10.36,0.8652210235595703
9.91,10.729310989379883
13.94,2.1320533752441406
9.75,1.443659782409668
7.03,0.8726072311401367
12.06,2.4744491577148438
12.09,4.414464950561523
10.33,0.4857311248779297
11.66,5.086174011230469
12.11,5.185276031494141
10.38,23.93075180053711
9.8,3.9698524475097656
10.83,10.303104400634766
13.97,10.903743743896484
10.87,6.121553421020508
10.27,0.4169197082519531
9.49,11.944914817810059
10.62,0.20306015014648438
13.01,1.191202163696289
11.42,2.5771312713623047
12.92,1.2210617065429688
7.39,2.0378990173339844
6.67,2.757030963897705
10.9,0.0003261566162109375
14.26,5.765386581420898
10.97,2.7021121978759766
14.73,1.3573684692382812
11.69,15.54511833190918
14.25,4.882717132568359
10.6,6.712512969970703
10.15,2.8597145080566406
10.57,8.249828338623047
10.74,0.6124267578125
9.09,4.754207611083984
10.0,0.9400215148925781
13.73,1.3572769165039062
12.57,1.5869026184082031
14.78,10.918827056884766
10.5,2.7273483276367188
6.87,4.453258991241455
10.43,0.6425342559814453
11.92,0.6433830261230469
10.92,13.225364685058594
10.15,0.9251728057861328
11.42,1.4842948913574219
11.6,0.7011489868164062
11.83,0.060535430908203125
10.98,0.18039321899414062
8.85,8.205240249633789
11.25,4.017768859863281
9.39,10.126974105834961
11.23,3.4156150817871094
10.8,4.003358840942383
11.06,1.1746597290039062
11.2,15.56021499633789
10.97,0.6316299438476562
10.36,12.84310531616211
8.95,7.704887390136719
13.49,1.9091949462890625
10.49,3.3024044036865234
13.69,2.72711181640625
11.6,0.07059669494628906
11.06,7.697944641113281
11.47,1.2000694274902344
6.92,4.905126571655273
11.53,0.5148963928222656
11.4,2.3611316680908203
10.87,1.7178096771240234
11.54,2.702392578125
12.26,5.040870666503906
10.77,6.980016708374023
9.36,10.77789306640625
10.64,1.1874027252197266
0.61,2.256967782974243
6.72,3.589345932006836
7.26,5.1374735832214355
10.41,1.2454681396484375
10.52,1.7144031524658203
9.47,5.914041519165039
12.09,5.313526153564453
7.37,4.347742080688477
11.7,7.759641647338867
10.33,4.326513290405273
9.7,12.370548248291016
11.42,1.6970443725585938
11.87,2.809539794921875
11.75,1.3881645202636719
11.28,3.456493377685547
6.9,1.9810819625854492
10.69,10.383018493652344
10.91,0.9771785736083984
10.11,4.851818084716797
6.63,1.1572761535644531
10.72,0.16551971435546875
8.61,1.7425670623779297
10.95,0.8330249786376953
12.11,3.512937545776367
13.99,2.9038047790527344
6.88,1.615401268005371
11.43,1.7651557922363281
11.64,1.9205150604248047
10.34,2.4095211029052734
9.31,5.725072860717773
11.14,2.7894821166992188
11.32,0.8520832061767578
11.1,0.96630859375
10.64,4.743259429931641
9.98,3.4316864013671875
9.66,0.880523681640625
11.58,1.128549575805664
6.83,0.1643047332763672
7.25,2.130950927734375
9.69,0.18428802490234375
11.62,4.86402702331543
10.25,0.703094482421875
10.42,5.849348068237305
8.4,12.419082641601562
12.07,6.688861846923828
7.76,5.247814178466797
11.13,3.515745162963867
10.13,2.8769912719726562
10.2,5.448612213134766
10.7,3.95404052734375
9.78,3.175142288208008
10.35,7.2982330322265625
10.15,15.99856948852539
11.5,4.721946716308594
11.15,10.418197631835938
10.36,2.1254501342773438
10.64,3.64349365234375
10.78,5.85386848449707
10.21,4.674915313720703
10.38,0.4508209228515625
10.11,5.853445053100586
10.47,0.16597557067871094
14.16,1.0219955444335938
8.8,8.55711555480957
10.34,3.3421974182128906
11.44,2.4132080078125
10.55,0.11360549926757812
10.74,8.84825325012207
12.76,0.8354473114013672
6.58,0.4353184700012207
10.37,12.761087417602539
8.77,1.4804668426513672
11.49,0.5456619262695312
8.12,1.9722785949707031
9.36,2.377347946166992
10.85,0.1390533447265625
14.66,0.8285331726074219
9.34,0.799652099609375
13.0,0.6398887634277344
7.11,0.40934085845947266
11.55,1.8373851776123047
11.2,0.0649871826171875
9.06,7.898332595825195
11.07,2.1436004638671875
11.14,8.402822494506836
10.29,2.5637550354003906
10.48,5.579765319824219
11.78,4.744955062866211
11.52,0.1280040740966797
10.36,1.9394569396972656
14.39,3.5015087127685547
10.51,22.955421447753906
9.96,4.985662460327148
11.35,6.515071868896484
10.81,1.370584487915039
10.59,6.157766342163086
11.87,5.164392471313477
9.63,14.138599395751953
9.45,6.786827087402344
9.99,3.388784408569336
13.49,1.1693878173828125
12.15,3.3937206268310547
11.84,2.57568359375
10.31,2.137269973754883
9.09,0.19947433471679688
11.85,2.9848365783691406
10.33,0.03450202941894531
11.13,6.417703628540039
11.96,3.2532310485839844
10.15,4.218130111694336
11.4,1.2753543853759766
11.92,7.111423492431641
10.53,2.1613101959228516
10.64,6.73857307434082
11.47,1.9388771057128906
10.03,2.7298660278320312
13.81,7.008945465087891
11.49,2.6391334533691406
10.66,2.083444595336914
12.06,6.11522102355957
10.11,2.517610549926758
10.86,5.720670700073242
11.04,2.271026611328125
10.81,10.38092041015625
10.38,0.2921600341796875
13.92,10.382328033447266
10.87,6.986454010009766
11.71,3.1591262817382812
10.59,2.528524398803711
11.94,0.6900882720947266
10.94,6.200567245483398
10.95,6.675693511962891
11.47,1.3970279693603516
11.93,2.4806976318359375
10.42,4.178627014160156
14.33,3.4984683990478516
10.44,1.1826972961425781
10.63,4.037290573120117
12.88,4.319049835205078
10.78,4.330127716064453
10.47,0.9260158538818359
10.53,10.145650863647461
7.25,5.469717025756836
10.26,4.816373825073242
10.23,8.032142639160156
6.87,5.742507457733154
8.29,4.375600814819336
12.79,3.5379791259765625
0.71,4.249414443969727
10.61,14.621088027954102
15.11,2.281085968017578
8.41,2.7423362731933594
11.48,1.5133171081542969
14.36,10.882360458374023
7.55,6.069935321807861
13.81,0.034122467041015625
12.93,6.172666549682617
8.64,2.6682567596435547
10.26,3.0335540771484375
9.74,1.9326133728027344
12.03,1.8323650360107422
12.15,11.938386917114258
10.64,2.7699851989746094
10.95,7.0702667236328125
13.49,3.5139598846435547
10.55,8.339147567749023
10.42,2.3370914459228516
12.18,4.904211044311523
9.84,5.3147735595703125
9.32,7.278785705566406
10.1,1.1926536560058594
8.95,7.812585830688477
8.53,3.782663345336914
10.55,2.652191162109375
10.84,3.460115432739258
10.44,1.3911972045898438
9.75,1.7484073638916016
14.12,3.761913299560547
9.66,0.32055091857910156
8.87,5.32731819152832
11.32,3.9677772521972656
12.09,0.08710861206054688
11.75,5.571249008178711
11.12,2.634765625
11.75,0.015331268310546875
11.31,2.2381019592285156
6.35,2.660205841064453
11.53,0.4659252166748047
10.95,1.0973682403564453
11.33,0.03531455993652344
11.58,2.7495193481445312
10.54,3.318828582763672
11.3,2.8676509857177734
11.29,8.029106140136719
11.66,2.4637794494628906
11.46,1.8050212860107422
10.22,1.516143798828125
14.24,3.7803955078125
9.14,6.095470428466797
6.15,1.5260157585144043
6.01,1.7121624946594238
8.62,0.4257831573486328
6.53,4.397646903991699
13.1,3.2613143920898438
6.98,4.027378082275391
10.85,1.9965839385986328
12.76,6.956060409545898
10.85,2.1026439666748047
10.08,1.3803730010986328
12.07,6.75341796875
10.41,13.033754348754883
11.59,2.6560001373291016
8.34,3.7834930419921875
10.65,5.066730499267578
10.42,1.5328292846679688
12.5,2.2129859924316406
10.0,1.3689155578613281
10.18,12.279886245727539
10.93,0.7345561981201172
15.14,8.376766204833984
10.85,3.515087127685547
9.57,1.8996658325195312
11.28,0.06371879577636719
11.97,6.958965301513672
9.09,5.067808151245117
12.16,4.104640960693359
10.57,5.375031471252441
10.6,6.897281646728516
7.95,5.628024101257324
14.15,3.1515750885009766
10.3,2.9721221923828125
10.98,2.674579620361328
9.86,8.713994979858398
10.56,0.3570289611816406
10.86,3.5329933166503906
10.11,1.5035209655761719
11.95,4.135303497314453
8.36,7.045919418334961
10.15,0.9649429321289062
9.76,9.181560516357422
10.7,3.6052074432373047
10.69,0.4919090270996094
10.11,5.520343780517578
10.63,1.6846179962158203
10.3,1.9841041564941406
11.43,6.456291198730469
10.29,2.164581298828125
11.14,3.990541458129883
10.81,5.685161590576172
10.57,1.936594009399414
10.33,2.8895530700683594
11.57,0.8920516967773438
10.94,0.4868888854980469
9.62,0.41900062561035156
10.76,21.91963768005371
10.84,0.4216461181640625
10.39,2.4179325103759766
8.46,3.5096187591552734
9.39,7.784646987915039
11.37,1.566141128540039
7.21,1.8316154479980469
8.07,0.6870193481445312
11.16,9.111696243286133
13.65,2.0963211059570312
10.59,0.914581298828125
10.75,3.515869140625
10.09,4.4535980224609375
10.32,1.1419849395751953
10.04,0.24815940856933594
11.5,3.519580841064453
6.73,2.091545581817627
9.42,9.38735580444336
9.8,9.03675651550293
10.8,4.676677703857422
10.39,8.434900283813477
11.94,4.951511383056641
9.37,5.756631851196289
11.61,0.056262969970703125
0.81,4.0926690101623535
10.92,7.3588714599609375
10.1,1.2872142791748047
11.13,0.1789722442626953
10.39,2.1991424560546875
9.54,0.5862388610839844
9.99,0.41510581970214844
0.62,4.569748878479004
7.24,5.706777572631836
10.62,3.499004364013672
8.14,2.0337753295898438
8.55,3.8569259643554688
11.87,18.11191177368164
10.16,11.030391693115234
10.64,5.6582794189453125
11.37,1.5247478485107422
7.67,4.381223678588867
11.81,3.8417510986328125
11.87,7.119939804077148
10.7,0.460693359375
11.11,0.20748138427734375
7.18,3.832704544067383
14.63,16.584609985351562
8.78,6.355039596557617
10.62,0.15796470642089844
12.59,6.06353759765625
11.4,0.9314365386962891
9.46,8.246541976928711
11.12,1.4748992919921875
10.87,8.505802154541016
10.79,9.793231964111328
7.71,5.370264530181885
0.78,2.20774245262146
10.42,0.1861286163330078
14.12,2.393390655517578
15.21,8.756855010986328
11.13,5.40410041809082
11.24,15.69732666015625
8.91,4.978887557983398
11.68,4.565423965454102
11.66,7.412843704223633
11.51,4.542762756347656
10.76,8.162527084350586
10.87,0.5929679870605469
11.53,1.0778465270996094
11.69,3.3074073791503906
7.37,4.9608588218688965
8.33,4.22113037109375
8.7,6.331377029418945
10.79,9.22281265258789
10.92,11.603500366210938
10.32,5.379238128662109
11.78,3.1934165954589844
9.7,1.470010757446289
10.08,2.829580307006836
11.63,5.718402862548828
9.89,5.554742813110352
8.82,5.681310653686523
10.35,0.5966644287109375
0.51,5.217219352722168
8.32,11.010326385498047
11.79,4.194250106811523
11.9,3.055255889892578
11.27,1.8448200225830078
11.74,0.0612335205078125
10.88,0.7430076599121094
6.67,1.896531581878662
9.65,4.607120513916016
13.06,0.5056915283203125
10.54,3.301197052001953
10.0,1.1781387329101562
13.42,1.8704566955566406
13.81,8.480232238769531
10.43,4.393766403198242
4.18,0.6224188804626465
8.79,0.5537281036376953
10.07,2.295450210571289
11.76,3.8389015197753906
11.16,1.1728229522705078
6.3,3.080122947692871
10.72,10.785633087158203
10.12,1.5676708221435547
10.78,6.045896530151367
6.69,1.4505152702331543
10.32,2.8163108825683594
12.01,5.569622039794922
8.6,5.191072463989258
10.39,4.509825706481934
11.56,0.11067008972167969
10.93,1.4052619934082031
11.38,0.5737972259521484
14.3,9.064529418945312
11.69,17.419334411621094
9.46,6.592435836791992
11.29,2.2844009399414062
10.38,8.948360443115234
8.67,3.2603511810302734
13.16,8.996892929077148
10.91,1.6149368286132812
9.16,7.201257705688477
9.99,7.957475662231445
10.89,8.128095626831055
10.17,0.4111824035644531
9.93,0.5047664642333984
11.92,0.5061931610107422
15.02,11.695310592651367
11.66,3.7582740783691406
10.7,5.913555145263672
12.48,0.8286800384521484
10.24,3.2147045135498047
11.17,5.471076965332031
11.81,4.015922546386719
13.76,1.0836677551269531
10.45,1.9262638092041016
14.4,2.1560516357421875
10.88,3.267322540283203
11.44,0.5418910980224609
10.21,0.35666847229003906
9.67,12.009511947631836
11.52,9.391311645507812
11.98,1.1222305297851562
11.2,5.534767150878906
7.21,2.720076560974121
11.19,8.13612174987793
11.27,2.1989669799804688
6.94,3.1518049240112305
10.32,0.00649261474609375
10.06,1.918294906616211
11.47,1.6511077880859375
10.07,5.134241104125977
14.94,8.988048553466797
8.79,3.555774688720703
10.63,4.358907699584961
8.49,1.693643569946289
10.05,1.5781002044677734
0.53,2.4649202823638916
11.03,10.48773193359375
14.64,2.9042930603027344
6.98,5.389510631561279
7.95,1.8371353149414062
11.21,1.3628463745117188
10.6,4.762876510620117
8.53,3.8434104919433594
11.12,0.5021610260009766
10.41,9.367509841918945
14.51,4.627092361450195
11.14,3.1597232818603516
14.08,0.929351806640625
10.67,2.402637481689453
8.73,1.0051040649414062
7.13,4.31026029586792
9.81,10.377527236938477
10.9,1.6932334899902344
0.57,4.949590682983398
11.95,6.353694915771484
9.29,11.176834106445312
9.81,6.171485900878906
8.36,0.9573335647583008
10.57,5.076904296875
0.9,3.807708263397217
11.37,9.336769104003906
9.95,7.606836318969727
13.54,1.1711959838867188
10.73,7.367439270019531
8.48,8.27475357055664
9.65,6.746278762817383
11.53,4.32341194152832
11.26,1.84649658203125
11.94,3.3812713623046875
6.44,0.4526033401489258
10.83,3.2751102447509766
11.25,0.8912849426269531
11.65,2.385456085205078
10.27,1.4240798950195312
13.39,1.5219383239746094
10.19,4.792472839355469
7.03,3.57900333404541
11.52,1.1316337585449219
11.56,1.6468791961669922
10.29,7.197023391723633
10.69,0.44438934326171875
11.57,4.117183685302734
10.79,10.595659255981445
11.4,8.52865219116211
11.51,0.39008331298828125
10.74,0.48957252502441406
11.75,1.1090202331542969
10.89,6.430635452270508
12.14,1.7788505554199219
10.43,0.5124988555908203
10.49,1.0917892456054688
11.55,1.7249374389648438
9.83,7.789478302001953
10.86,7.862207412719727
10.28,5.139387130737305
11.53,3.238849639892578
10.99,2.0745372772216797
9.74,0.4971771240234375
11.67,2.609437942504883
10.86,5.986515045166016
13.95,13.656410217285156
10.83,9.773305892944336
11.69,6.667474746704102
11.73,1.7573719024658203
10.52,3.6761512756347656
13.85,0.407745361328125
11.81,15.253393173217773
11.81,15.431188583374023
9.53,4.083131790161133
13.64,0.9424896240234375
10.49,4.26548957824707
10.79,1.5370864868164062
11.32,3.129793167114258
7.91,1.2603893280029297
10.98,4.201793670654297
13.61,4.057926177978516
9.76,6.221355438232422
15.3,1.9663887023925781
12.63,2.341054916381836
6.69,3.5499515533447266
10.7,2.910879135131836
8.8,10.185144424438477
11.94,4.908367156982422
8.79,2.8308658599853516
10.76,6.720008850097656
8.69,1.0075511932373047
10.79,9.459877014160156
9.38,4.973285675048828
11.42,5.0662689208984375
7.28,4.14654541015625
11.12,6.791097640991211
11.77,5.368408203125
14.84,1.1604843139648438
14.01,0.6347808837890625
10.97,7.607378005981445
11.26,1.6473541259765625
10.71,0.9954833984375
11.04,1.2102127075195312
0.66,4.306427001953125
12.42,5.370288848876953
10.76,0.736572265625
12.06,0.359466552734375
10.3,9.436534881591797
10.0,0.6634979248046875
11.6,0.9601383209228516
12.93,7.637413024902344
10.96,2.1776809692382812
13.71,0.6066932678222656
10.2,4.204046249389648
10.88,9.582511901855469
9.77,1.6724357604980469
11.6,7.127647399902344
11.77,1.6875114440917969
10.43,2.007953643798828
10.56,4.566898345947266
11.35,6.012678146362305
11.16,3.0168113708496094
10.3,1.8119945526123047
13.44,3.159496307373047
10.33,9.334068298339844
11.12,3.1421031951904297
13.98,9.242179870605469
11.15,0.9993019104003906
9.62,0.2700843811035156
10.8,2.8304061889648438
8.78,8.668710708618164
7.38,4.505756378173828
11.24,4.592201232910156
12.16,4.884061813354492
8.48,10.066627502441406
12.25,2.9204158782958984
11.61,3.3297996520996094
13.16,2.5272254943847656
10.64,6.477352142333984
9.65,6.411399841308594
13.89,0.6283035278320312
12.12,1.914398193359375
10.57,4.045488357543945
14.26,8.707695007324219
10.82,8.580509185791016
13.63,0.8964614868164062
10.74,4.166175842285156
13.91,0.5890464782714844
9.66,0.6676368713378906
11.55,3.572254180908203
6.93,7.171498775482178
10.97,8.580034255981445
8.39,4.0254364013671875
10.31,2.9909934997558594
8.57,3.921499252319336
10.94,0.9887542724609375
9.98,17.232112884521484
8.62,3.286884307861328
10.0,5.462770462036133
12.11,1.4185829162597656
11.43,2.9842376708984375
6.82,3.619701385498047
11.94,6.0881805419921875
10.16,17.19260597229004
9.96,10.48391342163086
13.36,2.207794189453125
10.5,4.49627685546875
11.73,1.698333740234375
10.14,4.285055160522461
8.14,1.0284900665283203
0.68,4.335343837738037
9.73,1.1545219421386719
11.27,2.424131393432617
11.29,4.606363296508789
13.98,0.15648460388183594
11.64,3.339099884033203
11.19,3.437410354614258
0.65,4.500974655151367
10.91,6.411376953125
11.44,2.228269577026367
7.34,5.829967975616455
9.97,4.355195999145508
13.97,0.7482833862304688
6.69,6.561110496520996
11.31,11.90565299987793
10.91,7.615394592285156
11.65,0.8023109436035156
11.35,0.2225971221923828
8.56,1.610513687133789
11.39,5.928981781005859
14.95,11.285303115844727
10.42,1.6805095672607422
11.74,0.7105712890625
11.11,3.822063446044922
11.9,8.074644088745117
10.54,9.121284484863281
0.64,3.6339423656463623
11.12,1.7706718444824219
9.24,5.572872161865234
12.51,2.1213226318359375
12.09,0.6685523986816406
10.2,4.265842437744141
11.85,2.681516647338867
9.24,4.551816940307617
10.45,7.188554763793945
10.91,0.6888427734375
6.93,2.7261247634887695
14.03,4.409843444824219
11.86,5.35087776184082
11.38,0.20878982543945312
11.3,3.8740615844726562
10.69,2.3371925354003906
8.42,4.09132194519043
12.52,6.375923156738281
10.33,1.5350780487060547
6.77,4.473615646362305
10.18,1.842599868774414
11.53,3.0603713989257812
6.56,0.23360300064086914
9.43,0.19377899169921875
11.2,6.338077545166016
6.48,5.346560478210449
0.62,2.2421600818634033
10.76,13.27601432800293
11.85,0.8047885894775391
10.57,2.529947280883789
8.66,0.12449169158935547
12.2,5.3923797607421875
0.74,4.263504981994629
9.94,3.5527400970458984
11.71,1.1716251373291016
13.29,2.4601058959960938
10.62,10.250284194946289
11.51,3.6589488983154297
9.98,1.9376964569091797
14.74,0.5649147033691406
10.44,10.336536407470703
9.83,5.37255859375
11.61,2.6102333068847656
12.72,4.330631256103516
10.86,1.9171142578125
10.5,3.714008331298828
8.97,0.5474624633789062
8.11,4.7670440673828125
6.55,0.32299041748046875
10.6,0.2572021484375
10.87,1.7030143737792969
9.42,4.2366485595703125
10.38,2.7148895263671875
8.67,2.4056930541992188
10.01,3.6038990020751953
14.26,11.234086990356445
10.96,4.617412567138672
10.4,1.6050395965576172
10.86,13.12198257446289
11.1,6.150506973266602
10.18,7.448432922363281
11.67,2.2741050720214844
10.51,6.295671463012695
10.67,2.846952438354492
11.32,0.8411083221435547
11.67,6.086818695068359
7.31,2.3542137145996094
11.06,7.944545745849609
11.35,1.1385765075683594
8.97,8.360462188720703
14.93,7.73992919921875
0.64,4.569121837615967
12.2,8.136362075805664
10.03,1.5715408325195312
10.8,4.224155426025391
7.34,1.0018749237060547
11.47,3.039714813232422
10.4,3.8113651275634766
9.37,13.173044204711914
13.84,0.8980255126953125
10.07,2.998493194580078
11.26,2.5671653747558594
10.51,4.7996826171875
12.69,8.33944320678711
10.84,4.433803558349609
7.06,4.9462571144104
10.14,3.3028812408447266
14.33,3.674112319946289
15.18,3.8321609497070312
9.32,0.1668701171875
10.68,4.304479598999023
15.49,1.7782249450683594
9.33,5.304605484008789
10.38,5.247121810913086
9.37,1.4007434844970703
10.35,9.810297012329102
11.0,5.314502716064453
8.94,10.04139518737793
10.14,2.7962207794189453
13.34,4.901395797729492
10.47,0.5930671691894531
14.46,8.895257949829102
13.84,7.058338165283203
10.62,1.0765380859375
12.65,2.097759246826172
10.28,8.87564468383789
7.15,4.969864368438721
11.52,2.371135711669922
10.62,4.367786407470703
11.67,2.8784446716308594
10.44,4.601858139038086
11.19,0.6842994689941406
11.92,6.0786285400390625
10.95,1.8365516662597656
14.63,8.949958801269531
10.34,2.374134063720703
0.58,2.3452184200286865
11.66,2.703897476196289
11.45,3.604856491088867
10.76,0.8141899108886719
9.12,8.89433765411377
8.41,2.8687057495117188
8.36,7.236242294311523
10.67,1.494832992553711
12.96,3.7141857147216797
9.0,5.944805145263672
9.55,0.7681598663330078
11.32,4.700183868408203
11.67,0.7792911529541016
12.15,7.0739898681640625
8.6,0.8157844543457031
10.35,7.737632751464844
13.15,3.4597511291503906
10.69,5.476520538330078
13.31,8.030048370361328
11.58,1.595510482788086
11.3,0.11411666870117188
10.07,2.848806381225586
7.03,3.520569324493408
9.96,2.9598388671875
14.87,0.002407073974609375
10.69,1.3162269592285156
10.88,0.7667732238769531
6.44,3.656418800354004
11.42,1.6119461059570312
10.45,2.1969070434570312
10.65,1.3385734558105469
11.21,1.606863021850586
10.04,6.859037399291992
12.89,2.053516387939453
7.88,0.40472984313964844
10.53,7.978914260864258
8.76,6.241090774536133
7.15,4.091424942016602
10.8,4.558530807495117
9.93,1.5747547149658203
11.1,0.09821701049804688
8.61,0.6016921997070312
6.9,3.160212516784668
11.67,2.4507694244384766
9.77,10.03703498840332
10.01,3.254751205444336
10.07,4.306100845336914
13.6,1.2721405029296875
11.64,2.304515838623047
9.64,9.10678482055664
11.96,7.429384231567383
10.34,1.2795448303222656
6.34,1.8548846244812012
13.35,2.6478958129882812
10.71,0.6827888488769531
8.67,4.044731140136719
10.54,2.255817413330078
11.51,3.1059646606445312
12.03,1.5342769622802734
8.83,3.3072052001953125
11.24,4.06987190246582
10.71,1.4555091857910156
11.23,14.88051986694336
11.41,2.3062705993652344
8.72,0.5196418762207031
6.72,2.304302215576172
12.27,4.86993408203125
12.04,11.817506790161133
7.31,4.122236251831055
9.23,7.1612701416015625
11.28,5.968849182128906
12.71,2.678173065185547
10.7,1.3740158081054688
13.47,7.4180908203125
11.39,0.14519309997558594
9.93,0.3247032165527344
14.59,0.8871536254882812
9.83,5.807991027832031
11.53,1.1386375427246094
10.51,1.3100166320800781
9.72,11.182048797607422
11.61,1.8843822479248047
10.93,0.8004837036132812
10.78,0.31206512451171875
10.14,1.7662105560302734
11.05,5.090965270996094
10.65,1.7867107391357422
11.46,5.551641464233398
11.55,2.242757797241211
11.5,3.6913795471191406
10.25,18.92533302307129
10.06,4.676361083984375
10.49,0.8492698669433594
10.57,2.38922119140625
11.3,4.690677642822266
10.48,2.0590362548828125
9.01,10.81607437133789
11.3,0.7803440093994141
11.65,2.8116016387939453
10.6,5.03717041015625
12.17,3.695293426513672
11.23,0.9217071533203125
11.77,1.0460834503173828
11.89,3.0753707885742188
10.55,0.5496864318847656
11.3,9.325252532958984
11.46,2.4401416778564453
10.41,1.9857292175292969
9.48,8.146066665649414
10.58,3.975442886352539
10.15,6.52357292175293
11.72,1.5629539489746094
9.95,7.153570175170898
11.68,0.7357959747314453
9.56,0.4740619659423828
8.6,4.694364547729492
11.71,5.052207946777344
9.86,3.3468379974365234
10.73,2.0537376403808594
15.3,3.3101577758789062
10.73,0.7327899932861328
0.57,2.3787243366241455
11.87,18.97118377685547
10.34,1.0984420776367188
9.59,2.180938720703125
8.7,1.4601020812988281
10.59,4.236705780029297
11.36,2.267719268798828
12.81,7.864599227905273
0.69,6.089025497436523
10.49,4.251729965209961
8.23,1.0133228302001953
11.09,12.034379959106445
9.85,6.165010452270508
9.36,0.10712242126464844
13.57,1.8631324768066406
8.74,3.692171096801758
11.06,1.4217891693115234
10.79,2.03387451171875
14.13,2.0629653930664062
11.58,1.3419723510742188
10.59,5.048304557800293
11.55,1.4972457885742188
11.0,6.627449035644531
8.6,6.68950080871582
10.15,2.520191192626953
13.98,10.342819213867188
11.84,0.10563278198242188
10.69,0.047298431396484375
6.89,4.610834121704102
11.13,5.016208648681641
13.58,9.210578918457031
6.81,3.575489044189453
7.13,5.1928391456604
8.65,4.035497665405273
11.05,1.0459098815917969
11.94,4.864103317260742
11.65,2.6870288848876953
10.88,1.33184814453125
7.65,5.18894100189209
10.83,3.1615657806396484
9.57,4.116306304931641
8.76,2.6990909576416016
10.8,21.404218673706055
10.36,7.402965545654297
9.37,6.506401062011719
9.13,7.78883171081543
13.36,0.6937255859375
11.13,2.765962600708008
9.69,8.337295532226562
12.01,4.700096130371094
6.85,4.244167327880859
10.54,1.8856658935546875
10.89,0.2546672821044922
7.98,5.312232971191406
10.5,11.810619354248047
11.93,18.692035675048828
9.22,0.09449577331542969
9.53,0.8607711791992188
11.95,2.986471176147461
10.88,0.6007308959960938
14.82,2.855213165283203
9.75,0.2700786590576172
9.12,8.110174179077148
10.0,3.0291595458984375
10.87,4.636253356933594
8.58,4.709022521972656
6.56,0.29181814193725586
10.02,4.316652297973633
8.54,3.9177379608154297
13.87,1.35430908203125
11.48,11.743629455566406
10.49,5.625139236450195
8.85,7.571628570556641
12.47,6.0584869384765625
10.37,1.0927343368530273
10.72,7.732343673706055
9.71,2.7065486907958984
11.28,5.903079986572266
11.65,2.3089866638183594
10.26,2.6787281036376953
9.75,4.665904998779297
11.11,0.15604400634765625
11.59,2.4267845153808594
11.92,1.772918701171875
14.78,0.6670913696289062
10.0,3.261507034301758
11.01,6.400476455688477
11.42,1.2357196807861328
8.52,11.992790222167969
8.83,10.575407028198242
10.8,8.041349411010742
5.85,8.016854286193848
10.43,4.635980606079102
10.85,6.174360275268555
11.59,2.059246063232422
12.15,2.3081092834472656
9.73,3.139047622680664
8.18,6.713095664978027
13.8,1.7888908386230469
11.54,2.6030941009521484
11.07,4.250476837158203
9.83,0.04885292053222656
11.15,7.941745758056641
11.83,1.7672767639160156
12.01,0.41667938232421875
0.6,5.553622722625732
10.62,2.5471630096435547
9.72,14.235733032226562
13.97,0.43759918212890625
0.84,4.356738090515137
10.22,3.0732078552246094
10.67,2.956298828125
13.4,3.797901153564453
10.19,2.837617874145508
10.01,2.2898788452148438
12.4,1.9852943420410156
11.97,0.5307579040527344
11.52,3.2466888427734375
9.99,8.892335891723633
14.26,8.53038215637207
8.94,5.802455902099609
10.69,4.667205810546875
10.3,3.5272655487060547
8.62,6.735246658325195
10.59,4.962116241455078
11.79,0.6088676452636719
10.73,0.7453689575195312
11.02,0.4721202850341797
11.13,6.77153205871582
9.87,4.698009490966797
9.36,7.270929336547852
10.54,2.4292221069335938
11.66,1.2723712921142578
9.93,7.3079833984375
8.7,5.419515609741211
11.49,10.222347259521484
12.75,4.589897155761719
10.35,10.677379608154297
10.12,4.895790100097656
9.96,17.698049545288086
11.81,4.278202056884766
10.41,10.205446243286133
10.23,0.267608642578125
6.25,2.4072418212890625
11.04,2.0925827026367188
11.73,5.39838981628418
10.74,0.0064144134521484375
13.6,4.102718353271484
11.05,5.09442138671875
10.68,0.10917854309082031
11.59,2.999675750732422
10.2,3.054903030395508
11.37,0.19493865966796875
11.73,0.77252197265625
6.74,0.2903132438659668
11.25,1.7732925415039062
10.52,5.1483612060546875
12.0,3.297290802001953
11.9,5.172492980957031
10.2,4.078830718994141
13.78,1.2102165222167969
10.68,4.036411285400391
10.74,2.0918922424316406
9.79,2.5486526489257812
11.31,0.945281982421875
10.11,0.8506183624267578
0.64,2.7117226123809814
9.62,0.4236946105957031
6.83,3.7169532775878906
10.58,10.459117889404297
10.77,5.600284576416016
10.37,2.433534622192383
7.1,3.337761878967285
10.19,1.6295852661132812
11.34,5.253406524658203
11.52,0.054912567138671875
10.2,8.988630294799805
0.62,4.174243927001953
10.84,2.0536861419677734
10.22,4.770427703857422
13.16,1.6969966888427734
14.65,14.376041412353516
10.1,3.506366729736328
10.82,11.271648406982422
10.53,1.2345733642578125
9.44,0.13454818725585938
6.7,2.7273006439208984
10.25,3.2945499420166016
11.61,2.141084671020508
6.86,2.1397147178649902
10.22,11.064298629760742
10.27,3.640279769897461
8.68,1.8880138397216797
9.35,5.964555740356445
12.86,7.706979751586914
11.23,17.05386734008789
10.52,1.9600105285644531
12.49,4.739986419677734
11.35,1.8697052001953125
10.47,4.631717681884766
7.29,4.324140548706055
11.27,12.211397171020508
10.83,3.084446907043457
8.4,7.477083206176758
11.92,6.107887268066406
11.17,1.7830009460449219
11.38,1.6557998657226562
14.51,2.3503189086914062
11.85,0.565216064453125
12.26,0.12015151977539062
10.84,10.144643783569336
11.26,13.448493957519531
10.08,12.339649200439453
10.76,0.28145599365234375
10.72,2.060192108154297
13.87,4.0703887939453125
10.68,6.5104217529296875
8.91,13.40951919555664
10.1,0.8710184097290039
11.44,9.749275207519531
12.59,6.527900695800781
10.77,0.5235500335693359
10.98,6.794849395751953
9.99,10.512340545654297
10.17,4.032909393310547
10.28,2.316579818725586
11.7,2.1651268005371094
11.31,1.0019721984863281
10.5,3.5317955017089844
10.96,4.957448959350586
10.41,5.7700042724609375
10.5,1.000051498413086
10.08,7.076013565063477
7.3,4.120882987976074
11.24,0.23040771484375
14.64,6.883331298828125
11.97,1.8129425048828125
10.69,5.140584945678711
10.31,5.619048118591309
8.14,1.1155223846435547
11.93,2.7508316040039062
10.86,2.9055709838867188
11.23,3.128528594970703
12.43,3.6360702514648438
14.47,8.859439849853516
9.13,7.43354606628418
10.34,0.28417396545410156
8.68,5.2467041015625
10.59,6.238491058349609
11.1,2.9146862030029297
10.65,3.827096939086914
10.65,7.5636444091796875
11.2,1.501871109008789
10.61,3.896259307861328
11.37,2.973979949951172
11.67,3.2437877655029297
12.04,0.37468910217285156
6.85,4.575749397277832
6.96,4.647318363189697
9.61,2.3195762634277344
10.3,9.090099334716797
6.58,13.260396003723145
11.58,6.021110534667969
7.06,0.8803534507751465
13.82,1.9545860290527344
8.24,5.439155578613281
13.58,0.7749137878417969
10.93,5.886383056640625
14.98,6.828044891357422
11.44,1.9161949157714844
8.65,6.359804153442383
9.01,9.072532653808594
13.92,1.794637680053711
11.15,1.4283027648925781
11.29,0.7032623291015625
11.72,3.445476531982422
12.15,6.810541152954102
10.67,4.715099334716797
8.83,1.9318008422851562
11.38,0.715606689453125
9.52,0.7421159744262695
7.08,5.1633806228637695
11.22,2.681020736694336
10.89,0.8978214263916016
11.44,6.846780776977539
9.27,5.2346954345703125
12.01,1.266946792602539
8.29,1.0434188842773438
8.37,2.983865737915039
11.43,4.208089828491211
7.78,2.898141860961914
10.63,2.036907196044922
14.01,8.937593460083008
11.16,0.09740066528320312
0.55,5.323047161102295
7.1,3.3721933364868164
6.5,0.3033456802368164
8.19,4.717182159423828
6.97,3.4449501037597656
12.1,4.7315216064453125
9.48,2.5226478576660156
10.75,4.717164993286133
11.23,1.6904850006103516
10.05,1.8149051666259766
9.83,3.5938339233398438
11.51,4.890247344970703
11.24,2.167278289794922
11.1,0.2017345428466797
9.65,0.7754917144775391
9.16,4.332530975341797
10.33,0.2377185821533203
10.37,0.1835174560546875
12.86,4.9501800537109375
7.29,4.469571113586426
10.34,3.759592056274414
12.34,2.005634307861328
10.55,7.126188278198242
11.74,5.724994659423828
10.78,5.218486785888672
11.21,0.7761631011962891
10.25,1.3025398254394531
12.5,4.405387878417969
10.85,0.49982452392578125
11.22,0.0010700225830078125
8.51,6.679088592529297
10.19,2.6290817260742188
10.53,0.29135894775390625
8.47,6.609462738037109
10.02,7.5463409423828125
11.5,1.134847640991211
8.36,2.4186172485351562
9.78,7.088401794433594
12.62,1.6883831024169922
10.58,0.8966655731201172
9.37,7.148807525634766
8.25,5.468555450439453
13.98,3.741802215576172
9.68,8.019351959228516
7.07,2.272017478942871
10.59,1.71661376953125
11.64,1.9265098571777344
9.81,2.7987899780273438
12.45,7.551502227783203
0.74,2.5450265407562256
13.86,2.3920440673828125
11.54,1.6278839111328125
11.94,1.940286636352539
11.4,1.3815383911132812
10.75,1.3740158081054688
12.19,4.8769683837890625
10.38,4.898275375366211
11.82,3.461801528930664
10.78,0.5959224700927734
11.16,2.679067611694336
11.72,2.3095054626464844
7.42,5.512504577636719
9.37,11.370912551879883
10.39,9.879356384277344
10.08,0.7539634704589844
10.65,4.0106048583984375
12.0,3.1830921173095703
9.13,4.324670791625977
9.58,1.980316162109375
11.78,0.34420013427734375
10.98,1.9186382293701172
10.64,0.5440959930419922
10.64,9.507293701171875
9.73,8.522872924804688
10.66,1.6251449584960938
6.92,5.814205646514893
10.48,7.237985610961914
10.37,10.097391128540039
11.66,2.830770492553711
10.44,1.1823654174804688
11.26,11.572023391723633
10.78,0.39667510986328125
11.6,6.992311477661133
10.41,6.038606643676758
10.67,3.060384750366211
10.83,12.784818649291992
10.22,3.2804298400878906
11.76,15.835716247558594
10.95,0.4464435577392578
10.35,2.488025665283203
7.62,4.910118103027344
11.56,2.6349220275878906
11.9,3.3178176879882812
11.71,6.808233261108398
14.58,12.079999923706055
10.45,3.0322437286376953
3.2,5.50643253326416
11.86,0.7583770751953125
12.44,6.599082946777344
12.46,0.5197601318359375
11.75,3.8860111236572266
14.05,2.0113525390625
10.54,2.2671337127685547
11.27,7.71919059753418
8.82,2.675992965698242
8.62,8.10711669921875
11.5,15.2564697265625
10.2,2.530527114868164
11.44,3.0695037841796875
11.97,1.9999065399169922
10.55,5.559358596801758
11.73,0.8126792907714844
9.55,6.725946426391602
11.61,1.426748275756836
3.93,5.801810264587402
10.54,2.225625991821289
10.96,10.511932373046875
7.93,2.1287670135498047
10.85,1.39068603515625
10.99,10.836444854736328
7.25,3.3868837356567383
10.91,1.4345550537109375
9.84,0.24705886840820312
9.81,6.623590469360352
11.56,1.5039596557617188
11.08,18.516481399536133
9.98,0.31326866149902344
11.67,5.642597198486328
9.09,17.85022735595703
9.41,6.704164505004883
10.58,3.9351253509521484
11.38,1.9287490844726562
12.03,5.565784454345703
11.96,2.871816635131836
8.67,13.635250091552734
10.16,2.5074806213378906
9.81,8.872676849365234
14.53,10.148597717285156
10.14,6.304771423339844
11.58,1.976959228515625
10.46,6.646780014038086
11.93,1.4704513549804688
10.23,14.298511505126953
10.65,5.1767730712890625
11.55,0.2118091583251953
11.59,1.0722427368164062
11.69,3.223735809326172
11.12,0.10312080383300781
9.62,2.7042999267578125
10.21,4.656745910644531
10.32,5.3233642578125
10.94,14.168331146240234
11.82,3.706867218017578
9.95,1.7751407623291016
11.08,4.156581878662109
12.85,1.5435371398925781
15.31,0.81158447265625
9.89,4.446598052978516
14.34,0.7089653015136719
10.42,5.247442245483398
14.74,2.758197784423828
6.59,5.224296569824219
10.54,9.421512603759766
12.19,0.8764991760253906
9.93,3.37188720703125
10.35,7.979972839355469
10.9,5.565334320068359
10.69,4.654308319091797
9.01,10.441474914550781
11.74,2.194721221923828
11.13,0.5015830993652344
10.9,1.8853759765625
10.6,3.9834251403808594
8.53,0.46381282806396484
10.41,0.17195510864257812
7.25,3.4617443084716797
11.51,6.441747665405273
10.75,0.41208457946777344
6.82,2.8680505752563477
10.37,0.7002468109130859
9.83,0.5146751403808594
10.15,12.740018844604492
10.77,1.9441509246826172
6.35,1.597033977508545
14.72,0.3151741027832031
11.58,3.0903663635253906
11.32,3.470853805541992
10.34,1.2417411804199219
14.62,2.680438995361328
7.01,3.4710516929626465
12.36,0.7636222839355469
10.72,1.8907699584960938
11.53,1.2313575744628906
11.58,0.023099899291992188
10.81,1.5095405578613281
11.75,4.036144256591797
11.74,4.051750183105469
11.48,0.467193603515625
10.58,7.962181091308594
11.55,3.2242298126220703
10.34,5.965417861938477
10.55,12.795650482177734
11.73,2.4751129150390625
9.89,2.9023075103759766
6.82,3.732203483581543
11.04,0.244598388671875
11.61,1.4059791564941406
10.47,3.8692893981933594
11.7,1.5756568908691406
11.55,0.4051170349121094
14.88,0.4792442321777344
0.67,5.201571464538574
10.62,0.6723442077636719
10.47,4.627809524536133
11.61,3.7907676696777344
6.64,1.1852221488952637
11.74,9.907485961914062
14.22,8.885194778442383
11.22,11.1768798828125
10.28,2.248432159423828
4.58,2.0257763862609863
12.48,8.209959030151367
13.46,4.075222015380859
8.97,9.426483154296875
10.5,9.259014129638672
11.54,2.2265167236328125
10.55,5.813709259033203
11.08,2.4914817810058594
9.7,2.985088348388672
7.0,4.879685401916504
6.0,10.21061897277832
8.81,2.4716129302978516
11.06,0.7925567626953125
10.98,2.4137840270996094
12.0,3.9063854217529297
12.78,4.441917419433594
11.81,1.411844253540039
10.5,4.137439727783203
11.43,9.080863952636719
10.33,4.618080139160156
0.63,2.4483530521392822
9.83,2.2370548248291016
10.57,10.262641906738281
10.46,1.7025222778320312
13.88,3.3598098754882812
10.71,2.3005905151367188
10.03,3.1450729370117188
13.91,6.203214645385742
11.35,0.8674259185791016
10.27,1.1481552124023438
10.06,5.149845123291016
10.48,2.1335487365722656
7.17,4.584676742553711
11.42,4.634258270263672
11.83,1.8810958862304688
9.48,5.632556915283203
11.61,1.5028743743896484
11.04,16.32280731201172
10.34,0.2827339172363281
9.77,16.33759880065918
11.41,1.1888465881347656
12.8,8.285797119140625
10.07,1.6275482177734375
9.66,7.58349609375
10.22,9.94148063659668
12.15,6.773721694946289
9.66,3.1706886291503906
10.15,0.18534088134765625
10.8,0.8850803375244141
10.51,2.0829124450683594
10.84,1.9123897552490234
12.31,1.6983146667480469
10.51,2.858640670776367
12.1,1.5866069793701172
10.37,22.161401748657227
8.48,3.9991912841796875
10.42,2.3382625579833984
10.39,0.7805805206298828
10.05,1.2148475646972656
10.59,7.187255859375
14.0,4.602306365966797
0.58,5.146511077880859
9.38,7.1121978759765625
11.65,3.9721755981445312
9.95,0.44290924072265625
10.16,8.30615234375
9.49,2.6256332397460938
10.99,3.5748634338378906
10.41,3.108203887939453
8.98,6.93882942199707
10.57,6.0792694091796875
8.48,1.7563323974609375
11.32,1.58599853515625
4.95,13.197914123535156
6.73,1.3920011520385742
11.99,0.5654792785644531
13.22,1.4114036560058594
11.57,3.8939571380615234
10.9,1.47283935546875
9.99,0.7538528442382812
11.34,0.6113719940185547
11.7,0.8373069763183594
10.53,0.22599411010742188
6.76,2.083385467529297
6.46,3.7304625511169434
11.23,0.9533786773681641
10.4,3.7314510345458984
11.04,1.2593269348144531
9.95,2.4086360931396484
10.54,5.373935699462891
10.1,7.841020584106445
11.35,0.8358612060546875
10.67,1.2358474731445312
11.87,1.540933609008789
11.58,1.4906082153320312
10.75,3.3120899200439453
15.1,6.3774261474609375
8.33,2.922710418701172
11.91,14.362310409545898
11.96,5.509895324707031
9.3,4.00377082824707
10.59,0.10103988647460938
8.46,6.482149124145508
13.65,1.0131301879882812
11.98,0.25988006591796875
11.46,1.8857765197753906
9.96,0.9566421508789062
15.54,8.055976867675781
10.83,10.318092346191406
12.06,1.0153083801269531
11.45,0.8174018859863281
10.42,11.594202041625977
11.99,3.420015335083008
10.58,1.2649040222167969
14.12,0.5579948425292969
10.56,2.9714317321777344
9.09,9.204042434692383
9.06,1.2195777893066406
13.51,4.475425720214844
10.34,10.522554397583008
8.15,5.20256233215332
8.53,4.150274276733398
11.63,3.279773712158203
15.26,5.0212860107421875
11.35,2.5201778411865234
10.67,5.093116760253906
6.62,0.6301274299621582
8.53,3.4464569091796875
11.46,2.556568145751953
7.98,4.182001113891602
8.64,5.828243255615234
10.0,6.68928337097168
10.3,0.23812103271484375
11.28,9.297760009765625
10.05,1.7450847625732422
10.12,8.928489685058594
12.02,6.313808441162109
6.36,6.065448760986328
10.3,2.7054977416992188
14.87,3.81341552734375
9.23,5.630067825317383
11.43,1.1449909210205078
9.83,1.9807090759277344
11.35,5.176593780517578
12.35,6.386106491088867
10.05,8.931905746459961
6.37,1.6370906829833984
10.61,1.8658504486083984
11.53,0.05230903625488281
11.03,1.1539058685302734
10.25,1.62451171875
10.79,4.452999114990234
10.75,4.14008903503418
9.85,5.072965621948242
10.14,3.287965774536133
11.39,1.8448829650878906
10.83,4.413236618041992
12.09,3.337177276611328
10.35,0.19214630126953125
11.05,0.11324691772460938
12.34,4.630592346191406
11.06,6.4125518798828125
12.99,3.5594024658203125
9.8,3.8453006744384766
10.34,11.794567108154297
14.85,3.6627769470214844
15.1,2.1767005920410156
9.62,4.710844039916992
11.95,1.2487869262695312
12.65,1.5624103546142578
7.17,2.780559539794922
10.54,10.94351577758789
11.05,1.3366127014160156
9.47,3.735506057739258
11.35,2.085979461669922
10.62,5.004385948181152
6.88,1.7250185012817383
10.83,1.6612091064453125
10.94,0.3144798278808594
10.79,4.699010848999023
10.32,9.76458740234375
11.78,4.2945098876953125
11.12,1.8347320556640625
13.15,0.18290328979492188
9.73,6.465801239013672
10.96,9.668582916259766
10.57,8.658624649047852
9.83,2.8126907348632812
13.77,8.762619018554688
12.55,8.439300537109375
9.73,9.139612197875977
12.36,1.7877388000488281
10.53,4.915077209472656
13.52,7.347175598144531
9.4,0.03363990783691406
10.21,8.178262710571289
7.12,7.119311809539795
10.26,4.729373931884766
11.82,4.585176467895508
11.69,0.04404640197753906
10.4,2.4270801544189453
10.09,0.3374595642089844
10.76,0.25962257385253906
8.42,0.17779159545898438
6.87,4.577696323394775
0.51,2.686070442199707
10.71,6.617830276489258
10.82,2.227823257446289
10.8,1.7559432983398438
11.55,1.984537124633789
8.25,0.8091983795166016
7.47,4.6409406661987305
10.32,3.0412940979003906
9.83,2.60528564453125
10.52,3.971271514892578
10.87,4.520061492919922
11.3,3.855224609375
12.39,2.7899398803710938
9.75,0.3438587188720703
10.93,0.4458122253417969
13.97,0.45909881591796875
10.16,5.109827041625977
7.44,5.640293121337891
10.37,5.227739334106445
14.05,9.934242248535156
11.36,1.3974723815917969
10.75,1.1497268676757812
10.97,2.4387588500976562
10.76,1.4568252563476562
10.16,3.602680206298828
10.84,0.9701900482177734
10.09,3.0847225189208984
11.09,1.8950347900390625
11.18,2.499126434326172
14.19,0.13852691650390625
10.92,3.496440887451172
14.47,1.0129013061523438
12.27,6.0038299560546875
6.53,2.2413291931152344
7.83,0.22797012329101562
10.52,0.8474349975585938
10.15,0.09735298156738281
10.66,9.639251708984375
13.83,0.7193717956542969
11.05,5.082948684692383
10.64,1.2594661712646484
12.9,2.855541229248047
11.5,0.9100780487060547
9.63,7.897483825683594
10.75,6.13627815246582
10.2,1.0604419708251953
10.26,5.719219207763672
11.32,0.24295806884765625
10.12,0.3950767517089844
8.12,0.4530153274536133
10.1,0.7667751312255859
10.39,1.9492301940917969
8.83,0.5573081970214844
10.0,4.152482986450195
10.28,4.946172714233398
13.68,1.4586639404296875
11.74,0.6747760772705078
10.33,2.3657283782958984
11.2,8.537187576293945
10.66,2.4710025787353516
9.89,0.715911865234375
6.4,1.54209566116333
9.0,6.683816909790039
10.75,5.022809982299805
8.63,2.6198997497558594
11.08,1.665090560913086
10.47,4.202171325683594
11.14,0.19776535034179688
7.01,2.088696002960205
9.83,5.863899230957031
11.38,17.520179748535156
11.98,2.4353561401367188
12.0,15.336984634399414
11.67,14.694320678710938
11.16,2.9352798461914062
13.37,1.18096923828125
12.21,8.857501983642578
11.4,0.9865303039550781
11.56,5.552791595458984
10.57,4.167537689208984
10.38,21.29077911376953
9.97,2.676248550415039
10.59,0.1828174591064453
11.37,2.060953140258789
12.39,0.8826408386230469
10.08,3.5341224670410156
14.65,11.304586410522461
9.84,1.5768585205078125
10.86,0.3581829071044922
11.81,1.6264762878417969
10.88,4.138090133666992
15.03,7.656702041625977
8.63,1.9177360534667969
8.41,4.272029876708984
6.99,2.149261474609375
11.6,14.221349716186523
11.08,0.6666450500488281
13.83,0.9176406860351562
8.54,3.2405357360839844
10.42,3.1974105834960938
11.31,4.552099227905273
8.06,5.39262580871582
13.68,0.9207077026367188
6.69,5.368095874786377
8.65,0.8099689483642578
12.07,5.849607467651367
10.65,5.69025993347168
11.54,0.07373619079589844
11.94,2.8011932373046875
8.61,6.954889297485352
7.9,4.467023849487305
10.23,5.077821731567383
11.7,4.173368453979492
10.38,2.15728759765625
10.2,0.06142616271972656
6.96,0.21717453002929688
11.8,0.4616432189941406
10.46,12.866512298583984
8.72,10.61373519897461
12.39,8.498708724975586
12.1,0.8108062744140625
10.71,10.820650100708008
12.06,7.111446380615234
10.82,6.4898176193237305
13.84,6.778387069702148
10.08,1.9900074005126953
10.95,0.7375621795654297
10.8,0.6522712707519531
10.32,8.08835220336914
10.74,4.381908416748047
10.4,12.865198135375977
10.67,1.3129730224609375
8.53,3.8613052368164062
10.8,7.015846252441406
11.48,1.4760589599609375
10.56,6.802282333374023
10.28,3.444347381591797
7.94,5.328920364379883
10.85,0.6493988037109375
9.63,0.3484916687011719
8.8,11.17805290222168
13.0,0.3026008605957031
9.59,9.388908386230469
10.9,9.780599594116211
10.61,3.632953643798828
12.0,4.847866058349609
11.29,0.03560829162597656
8.42,8.564720153808594
14.43,9.024595260620117
9.61,3.3233795166015625
12.22,2.2925281524658203
8.51,0.08720874786376953
11.04,1.548980712890625
9.07,5.445213317871094
11.66,2.417572021484375
11.77,6.974708557128906
13.03,0.023479461669921875
9.87,2.2030563354492188
10.37,7.694555282592773
10.04,6.189069747924805
11.73,4.672536849975586
11.11,5.6107635498046875
10.62,7.214458465576172
12.98,6.455818176269531
11.6,7.218935012817383
11.59,4.182992935180664
11.03,6.005882263183594
6.71,1.420264720916748
11.57,0.9315128326416016
10.41,2.8308582305908203
11.45,17.067899703979492
8.54,10.242809295654297
8.5,9.299650192260742
7.06,3.1109085083007812
7.32,4.793768882751465
11.7,4.487194061279297
14.68,2.0536460876464844
13.84,0.980194091796875
15.23,9.65278434753418
6.86,2.9367361068725586
11.41,15.844030380249023
10.28,3.0252952575683594
10.51,0.7602787017822266
8.65,2.258523941040039
12.04,4.622320175170898
12.4,5.183584213256836
10.78,0.93597412109375
10.43,2.1068286895751953
11.22,6.145931243896484
11.01,4.228998184204102
10.83,0.015533447265625
10.04,0.8184299468994141
10.93,4.087268829345703
11.95,1.7989082336425781
10.58,3.4723854064941406
10.72,10.461956024169922
9.01,7.167535781860352
10.26,1.1133480072021484
14.11,3.8134117126464844
8.77,5.980657577514648
11.1,1.2885456085205078
10.75,8.671640396118164
10.25,4.3350677490234375
13.23,2.570363998413086
9.86,3.5941734313964844
10.66,6.573947906494141
10.39,0.774383544921875
10.05,7.534914016723633
11.06,2.952749252319336
9.73,0.223236083984375
10.4,0.656219482421875
9.69,8.316841125488281
9.79,16.756938934326172
10.4,4.289283752441406
11.28,2.3378143310546875
12.84,5.374500274658203
7.3,4.226560115814209
11.78,3.8017711639404297
6.64,4.7922258377075195
12.18,1.744863510131836
10.49,2.030261993408203
10.99,0.20651626586914062
11.76,0.5469570159912109
11.52,3.2418766021728516
10.51,1.9079933166503906
9.08,6.942522048950195
11.56,4.350177764892578
12.44,6.340362548828125
12.91,6.565176010131836
11.65,1.4350967407226562
10.41,6.022214889526367
11.85,2.3296127319335938
11.06,7.823022842407227
11.6,0.8037300109863281
7.46,18.623071670532227
13.11,12.752471923828125
10.32,0.4475116729736328
10.3,3.369577407836914
9.17,6.062709808349609
11.8,4.904430389404297
10.08,3.5064659118652344
10.12,2.8664169311523438
10.03,5.319038391113281
8.42,2.73797607421875
10.38,5.205394744873047
9.9,2.8818416595458984
8.0,6.61479377746582
13.67,0.3162078857421875
10.89,3.094940185546875
10.5,10.459379196166992
11.64,2.454509735107422
9.06,6.252309799194336
11.98,0.5061664581298828
10.75,0.48250579833984375
12.23,4.84760856628418
11.5,4.724142074584961
10.2,3.1749515533447266
10.34,1.4813194274902344
10.48,4.085548400878906
9.19,8.917481422424316
10.66,10.858713150024414
10.41,6.952945709228516
10.59,3.079252243041992
10.66,2.215991973876953
11.64,3.967601776123047
10.89,0.2990150451660156
11.97,4.93940544128418
10.94,8.955970764160156
10.97,0.6361656188964844
11.42,1.8807334899902344
10.93,0.0810699462890625
12.28,4.676372528076172
11.24,3.6649856567382812
6.71,3.5873584747314453
10.72,1.6146984100341797
13.17,3.495922088623047
11.88,2.9440746307373047
10.16,3.6411666870117188
10.32,10.122364044189453
7.21,4.499308109283447
11.01,3.5323543548583984
11.77,3.232952117919922
10.7,1.6144905090332031
8.0,0.5706520080566406
10.98,2.37249755859375
8.76,1.3908309936523438
11.7,0.35669898986816406
11.09,7.059057235717773
11.59,4.660320281982422
10.82,2.289051055908203
8.55,3.887989044189453
12.08,2.222614288330078
7.32,6.04011344909668
13.84,2.1030960083007812
9.09,5.211172103881836
11.39,1.1521015167236328
11.72,5.3930511474609375
10.4,1.254262924194336
13.83,0.4142951965332031
11.15,3.5538578033447266
6.89,2.1303815841674805
7.41,4.494606018066406
11.18,17.61367416381836
10.25,1.649261474609375
14.8,3.0024452209472656
9.74,0.19905853271484375
9.91,7.641803741455078
0.56,4.4510321617126465
10.55,1.408121109008789
10.67,4.324928283691406
9.0,6.414939880371094
11.57,3.307973861694336
9.67,0.47264862060546875
11.65,3.8355579376220703
8.51,5.479454040527344
11.44,9.199304580688477
10.89,1.8957405090332031
10.37,3.8240394592285156
9.02,3.079254150390625
11.3,2.814258575439453
10.55,1.3886833190917969
10.83,0.8602123260498047
11.21,2.927682876586914
13.81,1.4071121215820312
9.54,0.13246822357177734
10.31,0.1904735565185547
11.76,6.062870025634766
9.7,0.14039993286132812
13.92,8.228084564208984
9.83,0.47117042541503906
9.18,4.062376022338867
8.75,0.1593303680419922
8.5,8.610313415527344
11.6,3.21563720703125
9.91,6.309131622314453
10.89,2.080781936645508
14.96,2.427257537841797
7.95,3.7537670135498047
10.66,1.8949661254882812
9.9,10.60116195678711
11.1,3.384458541870117
15.41,5.345867156982422
12.11,1.1439628601074219
14.77,8.664073944091797
8.62,0.02404308319091797
7.26,3.4929137229919434
14.78,1.4233818054199219
10.55,2.3120040893554688
10.45,0.17206573486328125
10.43,8.135927200317383
12.24,2.338481903076172
10.18,5.773281097412109
11.48,0.07774734497070312
10.4,0.1858959197998047
11.65,10.567163467407227
9.98,0.7112083435058594
10.64,6.300539016723633
11.01,3.581745147705078
10.49,4.2334442138671875
11.93,5.119205474853516
10.93,10.328506469726562
10.15,8.549264907836914
10.68,6.755121231079102
11.97,6.8928985595703125
8.97,8.379495620727539
10.0,4.278633117675781
6.67,0.6690058708190918
10.34,0.513641357421875
8.64,5.363395690917969
10.28,3.7522659301757812
10.45,3.9374752044677734
10.11,4.875871658325195
8.66,6.654685974121094
11.74,0.7233695983886719
9.73,10.20186996459961
11.04,4.362272262573242
10.76,0.9180259704589844
12.61,0.01053619384765625
11.07,0.94635009765625
9.3,0.8789215087890625
11.8,3.088682174682617
11.32,1.8167343139648438
10.66,6.3651123046875
9.84,2.8472652435302734
9.9,4.335477828979492
7.94,6.961027145385742
11.56,2.9860382080078125
11.52,12.146451950073242
11.64,4.089914321899414
11.63,2.8852901458740234
10.24,5.493629455566406
11.4,7.618171691894531
8.52,9.206571578979492
10.13,2.185821533203125
10.69,6.269250869750977
11.01,2.4207839965820312
10.22,8.927772521972656
10.19,4.004629135131836
13.75,7.014068603515625
11.88,5.286134719848633
11.13,4.966573715209961
11.1,1.6280326843261719
10.96,2.227712631225586
0.76,5.773672580718994
11.38,6.41175651550293
11.24,2.7259597778320312
14.4,9.20029067993164
10.8,3.1586742401123047
7.04,4.5786452293396
11.7,3.8988800048828125
12.08,15.829153060913086
7.34,1.3581457138061523
10.83,7.331274032592773
8.26,5.992557525634766
15.75,5.870033264160156
10.62,7.387716293334961
12.24,0.1919536590576172
7.1,3.572361469268799
8.56,10.29261589050293
10.49,0.7008552551269531
13.69,1.1921920776367188
10.47,10.376699447631836
11.33,7.282926559448242
10.09,1.54302978515625
10.54,0.2530498504638672
12.28,1.8639602661132812
0.48,3.3079512119293213
9.46,0.47347164154052734
5.33,10.159432411193848
8.07,3.6667346954345703
8.09,3.256591796875
14.22,2.2712974548339844
11.42,1.8618488311767578
8.57,10.432966232299805
10.83,2.3099231719970703
8.71,6.48780632019043
6.51,5.163944244384766
7.56,3.8178281784057617
8.88,2.4089889526367188
10.47,12.223215103149414
10.47,2.830160140991211
11.03,3.064594268798828
9.89,0.31937599182128906
11.9,5.256441116333008
8.66,7.290653228759766
11.45,2.2214298248291016
9.45,0.8812026977539062
14.21,0.351531982421875
11.04,22.659202575683594
10.1,2.982513427734375
12.07,0.14736366271972656
8.45,4.550812721252441
10.7,7.798277854919434
8.57,3.880033493041992
10.79,6.836687088012695
9.81,0.8311653137207031
10.5,2.3442649841308594
11.56,1.7385082244873047
10.09,7.441350936889648
11.29,7.256488800048828
10.37,0.5797109603881836
10.15,2.613828659057617
12.2,4.39263916015625
13.65,1.1679916381835938
11.45,16.427268981933594
10.34,0.42856597900390625
12.0,2.7531490325927734
11.4,2.14202880859375
13.13,0.10753059387207031
1.29,3.6675662994384766
10.24,2.2288780212402344
10.35,5.346921920776367
8.07,2.307741165161133
10.66,6.556631088256836
7.76,2.3625965118408203
10.01,2.0772743225097656
9.79,3.4827747344970703
9.77,0.9795436859130859
6.78,2.269926071166992
9.88,5.771575927734375
10.84,2.0571327209472656
8.73,7.724660873413086
14.94,1.4257888793945312
10.59,0.16986465454101562
9.47,6.362514495849609
10.7,0.9062442779541016
11.61,5.168277740478516
10.26,1.2346687316894531
10.81,11.10991096496582
10.91,1.5906944274902344
7.0,2.191225528717041
4.25,0.763035774230957
6.44,3.4535770416259766
10.32,4.16914176940918
8.53,0.24470901489257812
11.07,2.203685760498047
10.83,8.414485931396484
10.5,6.925540924072266
8.84,1.1804313659667969
0.64,2.2171647548675537
11.5,11.212726593017578
6.37,9.057453155517578
10.11,3.058551788330078
8.32,3.168994903564453
10.43,1.3957576751708984
10.7,0.6169242858886719
8.04,2.347522735595703
10.51,0.9578361511230469
10.62,3.1044654846191406
6.71,0.3869895935058594
10.65,1.1454048156738281
11.45,1.4958610534667969
11.66,4.958715438842773
10.58,0.6407985687255859
10.71,8.455869674682617
11.12,3.736787796020508
9.4,7.575954437255859
14.76,9.535442352294922
8.04,4.953922271728516
10.31,1.8303451538085938
11.41,1.5665245056152344
9.36,0.6289768218994141
14.67,19.718822479248047
0.78,4.142138957977295
9.49,6.102199554443359
9.48,3.1058807373046875
11.65,1.8768959045410156
8.68,8.306296348571777
10.04,0.3095531463623047
10.6,2.5292587280273438
10.7,1.5049610137939453
14.06,12.046092987060547
8.41,3.595338821411133
10.45,3.010120391845703
10.19,2.4423179626464844
11.0,2.693042755126953
14.19,3.5267162322998047
10.54,2.610921859741211
13.61,0.6396331787109375
10.98,9.738906860351562
11.63,4.086803436279297
10.53,5.603784561157227
7.0,2.3956799507141113
14.23,3.938213348388672
13.49,1.118917465209961
11.98,6.699676513671875
10.58,2.0415725708007812
10.81,2.731679916381836
14.35,1.2543754577636719
10.05,4.076990127563477
9.64,4.650144577026367
10.6,0.30534934997558594
8.84,9.478010177612305
14.85,8.133363723754883
14.61,2.1749725341796875
12.42,3.7866039276123047
10.42,2.88474178314209
10.44,1.523406982421875
12.29,7.36046028137207
12.51,2.9628944396972656
11.04,2.7382869720458984
6.24,4.21455192565918
10.7,1.973917007446289
10.12,1.8647499084472656
15.03,10.904052734375
11.14,0.08343124389648438
11.18,3.431629180908203
11.28,2.261768341064453
6.43,5.627253532409668
10.6,22.29120635986328
11.59,4.87678337097168
11.49,1.1938858032226562
10.87,10.10953140258789
10.41,3.0736732482910156
11.2,4.007991790771484
11.78,5.984148025512695
11.17,3.4234256744384766
10.02,0.8274669647216797
10.68,5.470155715942383
11.23,1.3448448181152344
10.64,3.820484161376953
10.04,1.4701881408691406
12.31,5.067146301269531
8.88,4.601428985595703
13.84,0.74945068359375
11.08,1.0729904174804688
10.27,19.43244743347168
11.42,0.9977607727050781
11.24,0.8358821868896484
10.67,1.1329154968261719
11.68,1.1763496398925781
13.59,0.43894195556640625
9.65,3.295888900756836
11.22,3.2234649658203125
6.63,0.39078807830810547
8.81,0.698002815246582
9.27,5.449403762817383
12.43,1.8981971740722656
11.85,5.941068649291992
11.02,8.306623458862305
10.71,9.351263046264648
6.54,0.9366455078125
10.78,3.21490478515625
11.28,6.278375625610352
10.95,3.667377471923828
9.59,0.7849941253662109
12.94,1.4650936126708984
10.13,2.6197261810302734
10.39,4.6389923095703125
12.21,1.4258441925048828
10.76,9.990116119384766
9.47,6.174413681030273
14.15,4.037040710449219
10.5,0.5763969421386719
11.91,0.7879543304443359
13.91,1.4731941223144531
12.0,1.6683921813964844
10.65,1.3770828247070312
10.81,2.7096939086914062
10.63,2.6908206939697266
11.78,8.302396774291992
11.85,1.9966373443603516
10.11,4.264657974243164
8.73,14.999663352966309
10.83,4.642951965332031
10.01,10.326906204223633
11.29,17.224533081054688
10.28,2.4393310546875
9.8,4.343925476074219
6.58,1.022047519683838
10.14,0.43439292907714844
13.61,1.3276901245117188
11.38,3.7417449951171875
10.13,2.5040645599365234
8.62,4.571969985961914
13.46,1.9861259460449219
14.07,2.8537940979003906
6.94,1.8440055847167969
10.87,0.4800872802734375
10.72,7.323358535766602
9.13,7.206605911254883
11.11,1.4887619018554688
11.37,3.0762977600097656
13.32,2.951129913330078
10.0,1.5161571502685547
12.05,5.260383605957031
8.9,0.009177207946777344
11.87,5.626194000244141
11.1,2.9786510467529297
14.7,11.896615982055664
11.73,1.0498332977294922
11.86,4.534782409667969
11.77,4.688592910766602
10.13,8.209100723266602
9.39,5.880090713500977
11.75,6.752798080444336
10.81,0.317169189453125
11.37,2.5367355346679688
10.65,2.4774856567382812
8.16,2.6946868896484375
0.61,4.038501739501953
9.93,2.2903881072998047
13.71,4.884315490722656
10.54,2.117321014404297
9.25,7.114118576049805
13.43,0.31902313232421875
12.19,0.5877361297607422
14.18,1.7478408813476562
9.88,1.8893394470214844
12.19,4.483091354370117
9.54,0.7570705413818359
11.75,1.5805816650390625
0.74,3.720155715942383
9.7,4.869543075561523
14.62,11.70888900756836
11.5,2.9778919219970703
10.0,1.4489326477050781
8.98,5.304498672485352
14.55,8.919063568115234
8.46,1.6323127746582031
12.1,3.289377212524414
9.95,9.957389831542969
10.36,0.5810384750366211
11.17,1.0501632690429688
12.16,2.3152084350585938
10.64,0.46900177001953125
9.52,2.1840286254882812
8.37,1.8834171295166016
13.99,1.2175865173339844
11.7,0.04782867431640625
10.79,1.883676528930664
10.1,3.6888465881347656
11.47,2.914459228515625
11.06,7.644685745239258
11.16,3.851917266845703
15.06,4.260318756103516
14.18,0.165374755859375
12.93,7.432346343994141
6.52,5.976659774780273
11.15,2.4780960083007812
10.62,1.6424808502197266
10.73,0.4842414855957031
9.1,1.7817020416259766
10.69,3.497549057006836
11.91,3.0828285217285156
11.67,8.76483154296875
14.57,14.298538208007812
11.64,2.9863414764404297
11.14,7.3243408203125
10.53,0.67724609375
11.66,7.601177215576172
10.45,3.7924957275390625
6.75,3.3193507194519043
8.96,5.802921295166016
11.65,4.557168960571289
9.58,10.086418151855469
9.94,13.35725212097168
10.84,3.820322036743164
11.61,3.2393455505371094
9.8,19.169551849365234
12.86,2.84588623046875
10.9,6.232660293579102
10.58,0.7659912109375
9.79,1.2754344940185547
9.91,1.5084114074707031
11.36,3.9775543212890625
11.83,3.5869216918945312
11.8,14.577892303466797
8.77,6.182458877563477
10.99,5.0394697189331055
6.91,1.9338083267211914
12.48,1.3584175109863281
8.78,0.9989814758300781
8.53,3.9625473022460938
10.8,9.015064239501953
15.17,1.7473258972167969
10.39,4.837799072265625
10.35,2.9724063873291016
6.28,1.8332233428955078
10.32,2.4024505615234375
11.25,3.557096481323242
10.97,9.666847229003906
0.61,4.580135345458984
10.06,1.1533432006835938
10.31,1.1276206970214844
13.4,1.9632606506347656
11.66,2.5874671936035156
11.62,1.4596691131591797
11.66,16.102861404418945
13.94,0.6409645080566406
10.68,2.4333229064941406
10.35,1.575998306274414
10.17,1.1461524963378906
10.21,3.4943504333496094
10.65,4.583974838256836
10.97,9.915287017822266
7.07,4.3058881759643555
7.14,2.3388843536376953
9.56,5.846921920776367
10.71,7.895486831665039
8.82,5.504096984863281
6.52,0.5667519569396973
9.76,13.496957778930664
14.39,11.374263763427734
11.04,8.636829376220703
10.73,0.2418804168701172
11.93,2.6657066345214844
8.82,3.5395069122314453
10.03,6.573572158813477
9.54,8.17879867553711
9.95,5.319835662841797
10.09,1.4987983703613281
10.21,4.043338775634766
11.23,0.8865795135498047
11.75,0.08288192749023438
13.44,0.051342010498046875
9.52,1.0609722137451172
8.25,3.1687774658203125
0.74,2.2382662296295166
11.51,0.8879737854003906
9.79,1.3337516784667969
11.64,3.3409080505371094
10.94,0.7244911193847656
10.86,2.817493438720703
11.91,3.606853485107422
9.7,3.4548683166503906
11.94,3.198780059814453
12.43,2.4537391662597656
6.15,1.2976417541503906
8.21,1.0471210479736328
11.6,4.156986236572266
10.63,10.898639678955078
9.17,5.603351593017578
9.83,5.782234191894531
13.57,2.1759414672851562
3.23,5.1736345291137695
11.83,1.7523994445800781
11.34,3.3911590576171875
10.33,7.585718154907227
13.62,5.068078994750977
9.46,4.36079216003418
11.94,3.3641490936279297
8.94,6.639062881469727
10.51,8.191978454589844
14.48,1.7356414794921875
11.49,1.4688453674316406
11.14,5.501453399658203
10.53,3.525775909423828
11.32,1.490264892578125
8.64,6.732585906982422
10.52,7.935672760009766
10.27,3.2527008056640625
10.67,3.9170379638671875
8.61,6.393115997314453
10.67,2.5009422302246094
10.47,9.28585433959961
10.66,9.002147674560547
10.22,1.5585498809814453
8.97,3.5360641479492188
10.94,7.611928939819336
10.26,7.517461776733398
10.27,4.151823043823242
0.74,3.8512773513793945
13.28,9.2412109375
10.77,6.108318328857422
9.44,8.215461730957031
12.09,5.504388809204102
13.78,1.4346542358398438
13.9,4.374599456787109
9.03,6.531831741333008
10.46,4.391063690185547
10.69,1.3850173950195312
11.33,1.6839637756347656
10.57,3.3774662017822266
10.07,11.62533950805664
12.76,2.533071517944336
6.77,5.933691024780273
0.79,4.240291595458984
11.89,6.687381744384766
10.78,2.586261749267578
10.57,4.372720718383789
10.33,1.2785778045654297
10.36,5.298696517944336
9.24,5.034429550170898
10.11,5.198352813720703
7.46,4.537016868591309
11.95,1.1623687744140625
13.56,2.270580291748047
9.22,0.9893512725830078
10.31,6.220174789428711
9.88,0.4918708801269531
11.51,0.7799625396728516
11.76,7.402587890625
10.7,11.297761917114258
10.33,21.9237060546875
10.52,4.922834396362305
11.03,1.499948501586914
6.77,1.4084267616271973
11.38,14.668630599975586
10.62,1.198786735534668
10.64,5.381317138671875
10.6,3.801206588745117
11.75,1.3430500030517578
11.46,10.807014465332031
8.43,6.11605167388916
13.67,1.0711593627929688
10.77,0.7539138793945312
9.33,3.832500457763672
10.84,1.98614501953125
10.25,0.22997474670410156
10.32,0.46244239807128906
12.2,0.9170513153076172
6.51,1.2051405906677246
10.69,4.071796417236328
11.7,1.154205322265625
8.63,1.1887531280517578
11.21,3.2133255004882812
12.43,6.503927230834961
10.5,0.14296913146972656
9.54,1.5015487670898438
10.21,10.928106307983398
11.29,3.3108081817626953
8.8,0.25196266174316406
7.96,1.4137639999389648
6.94,4.50105094909668
10.47,9.392204284667969
10.48,5.613855361938477
10.88,13.113718032836914
9.31,5.470422744750977
6.85,3.234560012817383
10.58,5.155475616455078
11.71,4.790256500244141
10.55,0.7830886840820312
7.54,4.287784576416016
13.78,3.153942108154297
11.33,7.941823959350586
7.51,5.378190994262695
8.28,1.004913330078125
10.27,7.647705078125
11.37,0.6391639709472656
13.61,1.8323593139648438
11.44,2.845254898071289
11.34,11.585521697998047
11.74,5.650129318237305
12.67,5.284725189208984
9.86,13.196561813354492
11.91,1.9737434387207031
7.89,2.2642879486083984
14.36,10.843637466430664
8.78,6.406579971313477
12.39,1.4225654602050781
12.31,4.240346908569336
10.67,0.7471466064453125
10.57,2.630718231201172
14.57,6.565586090087891
11.42,11.442350387573242
14.51,6.649974822998047
10.63,4.086572647094727
10.67,3.158207893371582
10.37,4.088903427124023
9.44,16.985576629638672
13.09,0.2515716552734375
8.67,1.1201629638671875
10.93,0.8580818176269531
13.2,2.0332260131835938
10.21,3.82489013671875
7.22,3.0639219284057617
11.72,0.9622573852539062
11.61,3.1212539672851562
6.64,1.1461267471313477
11.81,19.61978530883789
10.71,0.92974853515625
10.08,0.1349334716796875
14.61,4.977275848388672
8.07,5.753326416015625
11.25,10.801244735717773
10.73,3.942483901977539
10.48,3.8552627563476562
14.61,0.7311820983886719
12.57,2.517955780029297
10.58,13.047611236572266
11.84,2.3441543579101562
11.88,3.8237762451171875
10.88,0.4023265838623047
11.49,2.3807220458984375
10.61,7.063228607177734
9.82,1.215322494506836
14.03,3.9339866638183594
9.89,0.5537242889404297
9.85,5.627035140991211
8.53,9.806650161743164
13.56,1.7647819519042969
13.86,0.46094512939453125
8.32,3.984251022338867
11.73,0.2689628601074219
6.19,1.9662275314331055
13.68,1.1116256713867188
7.34,4.373746871948242
14.24,1.2560005187988281
9.47,5.415159225463867
15.0,10.400474548339844
11.39,0.05863189697265625
11.17,10.998027801513672
10.04,1.6427135467529297
11.56,4.811305999755859
11.79,6.692373275756836
9.65,5.23248291015625
8.43,3.739349365234375
11.11,5.61509895324707
10.62,4.116901397705078
7.11,4.9536662101745605
14.52,3.0918807983398438
9.96,4.1695404052734375
9.79,0.9405288696289062
11.83,0.9776630401611328
10.79,4.903526306152344
14.4,11.900959014892578
10.11,11.055086135864258
10.4,0.82562255859375
8.09,4.47547721862793
12.03,0.8832893371582031
11.76,3.6592884063720703
13.42,4.173557281494141
14.02,5.164630889892578
11.16,4.679267883300781
10.27,6.094930648803711
9.67,4.440946578979492
11.83,1.4151439666748047
11.69,4.169792175292969
11.32,4.904590606689453
10.53,13.815942764282227
10.76,8.749990463256836
10.95,3.9986515045166016
10.05,1.407958984375
10.74,9.258827209472656
10.15,2.0681800842285156
10.34,4.232866287231445
8.49,4.038339614868164
10.3,1.4437332153320312
10.41,2.5384483337402344
9.95,0.7375564575195312
9.74,1.5988121032714844
9.22,5.676414489746094
10.28,3.2503395080566406
9.82,1.605936050415039
15.49,6.143798828125
10.62,1.3256549835205078
11.92,0.7874507904052734
11.89,4.0926513671875
6.78,0.4546537399291992
14.13,0.41046142578125
13.13,3.5502853393554688
9.36,2.865823745727539
11.95,8.678838729858398
10.29,0.14156723022460938
9.86,4.725858688354492
11.35,2.0259361267089844
11.64,4.75372314453125
11.98,6.131757736206055
10.62,0.08211135864257812
11.49,5.265510559082031
10.22,4.324323654174805
11.69,2.452556610107422
8.21,5.135862350463867
10.77,7.599971771240234
11.39,6.6664886474609375
10.2,0.3070335388183594
9.94,0.1716480255126953
7.21,4.531854629516602
11.49,1.5134868621826172
11.52,6.103336334228516
7.93,0.6757717132568359
11.53,2.7222423553466797
11.35,6.0791015625
10.98,13.771720886230469
10.95,3.9378623962402344
11.78,5.6137847900390625
11.92,3.321331024169922
10.28,5.360967636108398
10.89,0.5692520141601562
10.09,5.448843002319336
11.58,1.2625312805175781
11.62,1.1384906768798828
8.58,2.5908374786376953
11.88,2.6547470092773438
10.36,2.6210670471191406
14.91,4.045589447021484
10.18,1.1654815673828125
11.1,0.5267524719238281
14.21,9.460199356079102
9.98,3.167348861694336
12.88,2.7607879638671875
10.65,1.8555736541748047
11.87,3.936298370361328
8.8,11.541154861450195
9.47,8.375368118286133
10.7,5.496299743652344
11.98,0.46848487854003906
8.97,3.3751964569091797
9.8,0.39573097229003906
14.69,10.558208465576172
11.35,1.6469192504882812
11.06,1.6561927795410156
11.58,0.42154502868652344
11.45,0.18643951416015625
9.98,3.3024024963378906
11.33,9.858602523803711
12.0,5.191061019897461
11.83,0.36187744140625
15.13,1.7889328002929688
10.02,6.924953460693359
9.82,1.537954330444336
9.71,0.18154144287109375
7.18,3.879849433898926
10.12,0.28186988830566406
10.54,8.120523452758789
9.73,5.37615966796875
11.81,1.2645645141601562
10.02,0.7557468414306641
11.46,2.0556869506835938
10.13,1.2460556030273438
10.95,5.260597229003906
11.28,0.1248321533203125
11.69,19.668052673339844
9.46,1.029428482055664
9.63,1.1223564147949219
10.54,3.667205810546875
11.73,2.2976341247558594
11.62,2.3788795471191406
11.1,0.6638698577880859
8.6,4.385032653808594
10.09,5.846622467041016
9.83,0.36593055725097656
11.33,2.1404895782470703
11.02,3.065481185913086
10.62,7.772653579711914
11.39,3.2530670166015625
11.09,1.4173851013183594
11.91,0.3502616882324219
9.93,7.68171501159668
8.8,5.427270889282227
12.6,1.6854896545410156
10.56,0.4539928436279297
10.01,8.313699722290039
10.81,2.5315990447998047
6.52,0.4062814712524414
9.49,0.6783132553100586
11.7,1.880523681640625
12.77,1.2944393157958984
14.6,0.6126518249511719
10.7,2.363231658935547
14.88,3.611003875732422
11.01,6.895904541015625
7.47,4.741970062255859
6.8,2.5732555389404297
10.53,2.7385921478271484
11.85,5.262208938598633
10.75,1.0059242248535156
8.58,10.705135345458984
12.66,9.992086410522461
9.84,0.30945587158203125
11.17,8.179914474487305
11.46,1.4177494049072266
14.27,3.5160293579101562
0.67,2.618532419204712
9.29,9.78492546081543
14.18,9.336584091186523
8.47,0.1455707550048828
14.16,1.3098793029785156
14.53,1.1127052307128906
10.43,4.7828168869018555
10.47,1.8716106414794922
10.33,2.781251907348633
11.34,3.1860122680664062
10.47,2.3495254516601562
7.72,5.046087265014648
13.19,0.1425628662109375
10.18,3.6058883666992188
11.38,1.7580528259277344
7.34,1.5192089080810547
6.41,7.758894920349121
10.3,6.271051406860352
11.19,3.5386199951171875
7.03,3.3783226013183594
14.0,10.479190826416016
13.64,1.7297248840332031
11.89,6.6407623291015625
6.44,3.155056953430176
13.04,3.1545162200927734
12.04,1.7973785400390625
10.65,4.822349548339844
11.85,3.5210647583007812
9.28,8.38829231262207
9.22,0.9956722259521484
7.11,3.829042434692383
9.29,1.004140853881836
10.63,3.465770721435547
9.85,0.6254806518554688
14.51,0.046295166015625
9.94,2.7117862701416016
12.16,5.4116363525390625
10.84,0.4276599884033203
10.5,2.503631591796875
10.61,0.5396804809570312
14.13,2.993072509765625
10.75,1.9263954162597656
10.46,3.037090301513672
11.33,2.3447113037109375
10.78,2.220977783203125
11.06,5.84986686706543
12.77,2.6336288452148438
10.03,6.693611145019531
9.68,9.166242599487305
10.53,6.400232315063477
11.56,8.059680938720703
10.61,4.300615310668945
10.05,3.0897598266601562
6.96,3.220278739929199
10.12,4.354562759399414
13.73,1.7419090270996094
6.74,0.3583254814147949
12.28,2.500112533569336
12.1,0.22278594970703125
10.45,7.836353302001953
11.75,2.5313472747802734
10.28,1.6317310333251953
11.62,4.3822479248046875
11.32,0.6697654724121094
10.99,5.08587646484375
9.82,1.3994693756103516
13.02,3.740907669067383
10.91,5.763263702392578
13.25,1.6092109680175781
13.86,2.479503631591797
11.06,0.12319564819335938
9.38,0.8439388275146484
11.82,1.534393310546875
11.38,1.3639183044433594
9.93,0.5123310089111328
10.69,3.8399696350097656
14.33,10.372764587402344
13.01,0.31430816650390625
10.62,7.810235977172852
13.98,7.88348388671875
8.89,10.31950569152832
10.65,3.758380889892578
6.64,0.1366281509399414
8.85,0.040790557861328125
12.22,6.109493255615234
12.02,1.35125732421875
11.41,2.8213768005371094
0.63,4.525032997131348
10.46,1.5919990539550781
6.92,2.495513916015625
12.89,4.05999755859375
10.13,0.872650146484375
9.19,4.58726692199707
10.38,6.237981796264648
10.81,6.897886276245117
13.51,5.868595123291016
11.09,2.9165611267089844
10.4,0.6221427917480469
6.71,0.24306631088256836
9.35,1.0601959228515625
7.95,3.1501083374023438
10.62,2.9944324493408203
10.37,1.6745185852050781
9.45,9.942631721496582
11.26,8.543296813964844
14.39,8.356147766113281
9.41,2.742321014404297
10.66,1.5991935729980469
10.37,5.295003890991211
7.75,1.0604743957519531
10.92,4.926410675048828
8.89,7.920589447021484
6.77,5.239994049072266
6.61,2.037130832672119
9.24,5.4644775390625
10.63,1.79266357421875
1.37,3.6415505409240723
10.9,1.624267578125
7.96,1.4830713272094727
10.5,5.724103927612305
12.52,2.042461395263672
10.19,4.322019577026367
10.8,1.3804264068603516
11.18,6.3520355224609375
9.89,12.121500015258789
11.47,1.745126724243164
11.48,1.0985088348388672
10.28,1.2176513671875
9.96,1.5038261413574219
11.0,5.50874137878418
12.05,5.436944961547852
7.0,6.50493049621582
14.52,11.836414337158203
6.69,0.38348865509033203
12.25,7.343387603759766
6.81,6.587165355682373
12.31,3.491239547729492
10.82,7.887073516845703
10.07,0.13477706909179688
12.14,18.37909698486328
11.34,17.70153045654297
6.53,0.8730936050415039
11.58,2.490497589111328
11.22,7.00550651550293
9.74,9.22425651550293
11.73,7.834688186645508
14.91,1.6594772338867188
7.37,5.850717544555664
10.55,2.0223731994628906
11.65,1.0398845672607422
6.41,1.4110379219055176
10.95,6.151052474975586
13.84,4.739780426025391
13.94,0.7976913452148438
10.3,1.8366279602050781
11.84,0.4593830108642578
6.85,6.474425792694092
11.19,15.06109619140625
11.69,7.27250862121582
11.51,2.1959457397460938
13.89,0.1003265380859375
10.66,2.153675079345703
0.64,4.315576553344727
10.51,0.9933395385742188
11.22,3.635955810546875
8.76,3.2629776000976562
10.22,3.620656967163086
10.88,2.820690155029297
13.15,5.8383636474609375
10.34,2.781230926513672
9.75,12.460592269897461
10.63,4.394876480102539
10.89,4.312702178955078
11.04,1.825601577758789
0.61,2.4448022842407227
9.84,5.271066665649414
12.5,3.1560192108154297
12.73,6.567926406860352
13.42,0.07692337036132812
11.45,0.8430252075195312
11.73,4.040807723999023
8.52,3.7212982177734375
10.12,3.0822582244873047
12.52,0.6420230865478516
9.6,3.965463638305664
10.55,1.4862785339355469
7.35,4.974116802215576
11.64,0.2601165771484375
10.47,2.200033187866211
8.45,1.440699577331543
11.72,0.22185897827148438
11.25,7.048744201660156
10.17,10.063011169433594
10.21,2.755268096923828
11.85,7.436161041259766
13.98,0.9345207214355469
9.94,1.1587848663330078
11.41,0.08051681518554688
10.11,4.538349151611328
11.41,0.9525699615478516
8.83,5.36976432800293
9.42,8.636896133422852
12.19,16.992786407470703
14.45,2.817790985107422
10.92,1.8362483978271484
11.77,1.9624271392822266
10.99,7.328670501708984
10.61,14.415958404541016
8.82,0.5811729431152344
10.78,1.8438911437988281
10.63,7.029001235961914
9.85,4.162666320800781
13.84,2.7034568786621094
11.59,15.297344207763672
9.31,2.2187671661376953
13.12,0.9502048492431641
10.45,8.382711410522461
10.86,0.6952075958251953
12.04,5.099117279052734
10.12,0.8111610412597656
11.85,1.5362892150878906
10.4,3.820638656616211
10.25,7.78080940246582
10.15,0.6084613800048828
11.43,1.0565776824951172
11.08,3.0027084350585938
10.45,2.4665889739990234
11.51,1.9369621276855469
10.74,1.9725046157836914
10.55,1.1166534423828125
9.95,2.035907745361328
11.22,3.687297821044922
4.37,1.8950791358947754
10.93,0.11743927001953125
10.64,4.76417350769043
11.64,3.185483932495117
9.2,5.880832672119141
10.94,4.863912582397461
10.29,7.928028106689453
10.62,0.9675445556640625
10.35,4.254186630249023
11.41,8.038959503173828
10.79,0.10470199584960938
12.18,6.018775939941406
10.59,2.8700714111328125
11.9,1.67132568359375
11.03,6.860267639160156
11.05,0.3564300537109375
11.01,13.035093307495117
11.64,0.8470497131347656
10.9,8.422174453735352
10.99,2.2998390197753906
14.22,9.467126846313477
8.39,1.1682796478271484
6.65,1.0971684455871582
13.41,1.8855667114257812
10.58,0.2906761169433594
7.22,5.208913326263428
14.03,1.4036979675292969
7.63,3.41204833984375
11.65,2.054615020751953
7.01,3.5581769943237305
8.95,8.226238250732422
10.63,0.3622264862060547
7.53,6.276313304901123
10.53,3.1585006713867188
10.45,1.829864501953125
9.99,8.644699096679688
9.83,7.241865158081055
10.81,9.359651565551758
8.02,7.829187393188477
11.68,7.977977752685547
11.59,7.732091903686523
11.86,2.973020553588867
9.6,8.482040405273438
10.59,1.0678787231445312
10.81,1.168792724609375
11.34,1.9459114074707031
9.72,0.9010391235351562
13.69,3.3332748413085938
11.04,5.052146911621094
10.81,4.111875534057617
11.53,4.839008331298828
9.5,4.421627044677734
10.19,2.970918655395508
9.85,1.0577430725097656
10.13,6.606218338012695
11.17,25.438499450683594
9.99,0.5994415283203125
10.61,21.83207893371582
13.46,2.0244407653808594
11.63,6.227519989013672
10.07,4.25069522857666
10.77,2.9372997283935547
14.31,0.9021987915039062
11.88,2.494943618774414
10.83,1.7824745178222656
10.96,3.3635826110839844
8.43,4.429653167724609
14.59,4.227872848510742
11.35,0.9423332214355469
10.27,4.431743621826172
11.13,8.652425765991211
7.02,2.870157241821289
11.25,6.068910598754883
10.18,4.899385452270508
12.75,0.16214752197265625
10.93,4.001161575317383
14.84,9.674070358276367
7.2,3.94254207611084
9.71,3.6162490844726562
8.69,7.575412750244141
10.38,0.1535930633544922
11.1,15.648231506347656
11.93,3.4122867584228516
10.67,0.8062057495117188
11.3,0.034732818603515625
10.21,7.600992202758789
10.39,2.0259742736816406
12.11,6.991476058959961
12.59,1.7867431640625
12.76,9.04026985168457
10.42,2.008899688720703
10.72,4.088357925415039
10.67,0.05031776428222656
11.27,0.05916023254394531
10.45,1.9319934844970703
7.45,3.924837112426758
10.38,2.7308521270751953
11.71,2.399707794189453
9.99,1.168243408203125
10.09,2.213603973388672
0.73,3.911750316619873
11.65,0.8111228942871094
10.74,5.3242645263671875
12.15,6.880062103271484
11.47,2.3372879028320312
9.03,0.5327367782592773
13.03,0.2874889373779297
12.03,3.8804359436035156
10.14,12.92936897277832
10.91,1.893402099609375
10.81,0.6011009216308594
12.03,5.543102264404297
10.67,2.1380348205566406
10.2,3.012042999267578
10.27,1.4123420715332031
10.8,0.7612266540527344
9.95,2.929666519165039
11.0,5.000068664550781
10.63,2.182168960571289
9.91,0.06290817260742188
10.52,1.5736007690429688
9.68,8.346940994262695
11.81,5.13232421875
7.28,7.131592273712158
8.47,3.8246841430664062
10.18,8.330730438232422
11.45,14.297216415405273
10.45,0.2158489227294922
8.61,11.457059860229492
11.15,1.7876129150390625
10.73,4.520946502685547
14.66,4.779561996459961
13.78,3.6616249084472656
9.88,2.2725372314453125
11.19,16.071632385253906
8.44,0.011444091796875
12.82,4.173244476318359
9.23,5.49824333190918
8.46,4.552426338195801
11.43,3.122640609741211
10.22,7.867500305175781
10.29,3.5311622619628906
11.6,0.18548583984375
11.16,12.368494033813477
6.39,4.6979265213012695
10.47,7.39306640625
14.72,4.70692253112793
11.89,5.588932037353516
12.18,4.322256088256836
11.39,2.6175765991210938
9.69,0.8805198669433594
10.03,6.562032699584961
12.47,3.2883987426757812
14.69,5.013236999511719
11.35,5.4786834716796875
14.66,0.3944129943847656
6.62,4.001995086669922
9.42,6.2745208740234375
11.02,1.263031005859375
11.76,2.095611572265625
11.61,5.7769622802734375
12.29,7.256095886230469
10.72,3.036663055419922
6.71,0.8098459243774414
11.68,1.109659194946289
12.05,3.8758087158203125
9.95,8.905242919921875
10.46,12.232097625732422
10.64,3.3494491577148438
12.26,5.755031585693359
7.2,0.1941204071044922
13.04,6.832218170166016
10.11,5.2740020751953125
10.61,5.770792007446289
15.05,1.1653327941894531
12.27,2.404489517211914
11.67,8.921480178833008
12.16,2.263866424560547
11.32,3.4601707458496094
13.99,1.9845008850097656
10.72,1.2832965850830078
10.21,0.11969375610351562
15.11,10.584051132202148
12.6,7.505060195922852
9.93,5.163188934326172
11.19,9.106145858764648
12.4,2.347614288330078
9.65,1.0347347259521484
9.83,3.520183563232422
8.26,1.9700040817260742
9.81,3.3228530883789062
14.67,0.13593673706054688
11.56,2.435199737548828
10.49,0.09282302856445312
9.9,1.9779052734375
11.92,1.4335155487060547
8.1,1.724477767944336
10.77,9.810861587524414
9.81,4.226707458496094
10.11,0.7557601928710938
10.91,8.205497741699219
7.74,4.506324768066406
12.83,8.173934936523438
10.84,4.286983489990234
14.62,6.594493865966797
10.73,4.614704132080078
12.06,2.1478710174560547
11.45,1.6575279235839844
11.78,15.943771362304688
10.28,1.029937744140625
11.77,4.751859664916992
9.37,5.681211471557617
11.05,12.700927734375
11.4,1.3583087921142578
10.53,0.9912090301513672
11.36,0.4804725646972656
11.5,2.377002716064453
13.1,6.478513717651367
12.81,0.8956756591796875
10.16,10.353658676147461
10.8,0.7851104736328125
11.08,2.547229766845703
8.78,5.659135818481445
11.54,2.4096832275390625
9.89,2.391387939453125
6.91,0.49532461166381836
11.13,12.204717636108398
11.16,13.242071151733398
9.7,3.070770263671875
11.98,6.169195175170898
8.47,2.0688133239746094
12.59,8.989402770996094
11.72,1.5187549591064453
11.24,4.595380783081055
8.8,5.915910720825195
10.79,1.5563335418701172
12.84,1.8132667541503906
11.15,2.995046615600586
13.79,2.0341796875
13.91,5.845365524291992
10.59,4.371410369873047
11.51,14.68881607055664
6.15,6.248527526855469
8.49,5.268840789794922
11.08,2.0860748291015625
11.86,5.478147506713867
11.36,2.568876266479492
9.83,1.9879798889160156
10.96,2.310028076171875
13.42,6.106784820556641
9.32,0.8537178039550781
12.34,5.01124382019043
9.97,0.7623977661132812
11.28,13.331596374511719
10.61,1.3586444854736328
10.24,24.56899070739746
8.61,4.04229736328125
13.2,2.6849441528320312
11.93,2.496694564819336
9.52,6.358955383300781
10.94,7.691213607788086
7.96,2.188192367553711
11.24,1.0442028045654297
11.96,2.274707794189453
10.1,0.6541843414306641
6.76,0.18060731887817383
8.85,4.185306549072266
7.85,0.001621246337890625
9.52,8.634042739868164
11.5,2.8754119873046875
10.71,0.2530860900878906
11.45,1.711029052734375
10.41,10.01937484741211
6.99,3.884153366088867
9.48,1.7135562896728516
11.2,1.2001724243164062
11.47,2.876199722290039
13.83,2.293966293334961
11.5,2.4611148834228516
9.56,0.6253185272216797
10.73,4.718830108642578
11.04,0.002223968505859375
11.01,0.24056053161621094
9.36,0.5992813110351562
11.14,12.440425872802734
10.76,1.8731212615966797
11.9,14.87358283996582
9.54,0.2227344512939453
11.81,0.6352043151855469
10.26,2.7488059997558594
15.09,2.0852279663085938
6.71,4.075519561767578
11.41,4.545345306396484
11.91,4.702348709106445
9.84,1.6454010009765625
11.01,8.338655471801758
6.8,0.3433232307434082
11.85,0.7048263549804688
9.16,4.240171432495117
9.59,12.162479400634766
12.01,6.259086608886719
12.63,5.840139389038086
6.62,0.2515263557434082
11.05,5.974220275878906
10.42,5.071311950683594
8.28,2.209218978881836
10.17,6.252887725830078
11.09,1.3498382568359375
11.76,15.838645935058594
13.75,0.43434906005859375
11.88,0.500823974609375
9.33,1.3048973083496094
11.76,0.6793937683105469
10.02,0.3527259826660156
11.73,2.9210357666015625
14.32,2.0520248413085938
10.4,5.333894729614258
9.8,1.0080375671386719
9.59,0.09803199768066406
14.75,12.373165130615234
14.67,0.5281181335449219
8.5,20.047500610351562
10.76,0.2947845458984375
10.81,0.8945102691650391
13.8,0.9571876525878906
11.39,1.6342124938964844
11.88,1.188995361328125
6.74,3.1888771057128906
11.01,1.7010116577148438
11.98,1.2601699829101562
10.15,0.5146255493164062
14.21,6.251453399658203
9.06,6.558307647705078
9.78,13.867040634155273
14.07,0.40418434143066406
6.16,0.9741969108581543
11.64,9.168266296386719
11.44,3.7585716247558594
14.21,1.6358985900878906
11.21,1.5684623718261719
11.76,1.0844249725341797
8.62,3.6386451721191406
10.94,1.9310226440429688
7.5,5.1312713623046875
10.41,1.5252342224121094
10.24,1.076904296875
10.65,13.490961074829102
7.86,1.2201976776123047
6.1,6.913990020751953
11.01,1.488525390625
11.69,4.188373565673828
0.59,4.755205154418945
7.44,5.739439487457275
11.37,1.1373443603515625
10.05,10.441062927246094
14.41,2.5639190673828125
10.83,0.5556640625
11.68,4.04823112487793
12.06,2.7954063415527344
11.95,2.1504650115966797
9.15,1.335479736328125
10.81,4.950675964355469
10.23,2.2152442932128906
11.81,5.569664001464844
11.02,7.753580093383789
10.68,12.156648635864258
9.83,1.2713165283203125
13.47,0.14251327514648438
11.87,4.759593963623047
6.91,3.5686731338500977
11.39,3.377552032470703
10.58,0.6240253448486328
10.31,4.140594482421875
10.51,4.721866607666016
10.98,0.3418464660644531
8.2,1.6939811706542969
12.06,4.870941162109375
11.08,2.786497116088867
9.09,11.355819702148438
10.23,2.674917221069336
8.85,3.389751434326172
10.75,5.750324249267578
9.72,11.170166015625
9.88,11.415386199951172
10.82,3.285381317138672
12.31,2.7053871154785156
11.48,1.5655269622802734
10.43,1.5188446044921875
11.64,10.617179870605469
11.94,3.3644752502441406
11.37,5.6078033447265625
10.59,0.7895698547363281
13.79,1.6829566955566406
9.74,2.6869888305664062
3.89,2.4822998046875
10.29,3.8782882690429688
10.76,3.649301528930664
15.76,1.1237220764160156
9.5,1.1656265258789062
6.86,4.717105388641357
0.68,2.790008068084717
15.22,9.62413215637207
8.92,0.06726741790771484
10.87,7.987207412719727
7.05,3.404104232788086
9.89,3.8104629516601562
9.82,9.088241577148438
10.76,2.927797317504883
10.94,0.15626144409179688
11.06,2.3521804809570312
8.04,1.2507009506225586
12.56,3.7645034790039062
10.03,6.892601013183594
7.34,0.6383275985717773
11.37,3.3644752502441406
11.37,8.480323791503906
7.17,4.8631720542907715
10.24,11.205511093139648
8.46,3.566173553466797
12.95,0.5359001159667969
10.68,1.1333866119384766
10.8,4.381462097167969
10.25,0.03823089599609375
9.99,3.123199462890625
10.12,2.106658935546875
10.56,1.1175212860107422
9.96,8.657705307006836
9.81,0.3467731475830078
13.37,2.140613555908203
11.6,6.961347579956055
7.49,4.764194965362549
10.16,1.0290069580078125
11.25,2.8858070373535156
11.76,0.5532913208007812
13.72,2.3582000732421875
7.12,1.9043254852294922
11.48,5.352067947387695
15.03,9.63493537902832
9.83,1.746297836303711
12.36,2.111316680908203
11.54,10.30068588256836
7.36,5.087986469268799
13.88,6.682373046875
7.46,3.280487060546875
9.81,1.6879539489746094
9.79,7.308813095092773
11.28,1.7699623107910156
13.21,3.7591094970703125
9.57,3.5128326416015625
10.15,9.418792724609375
9.49,8.46673583984375
8.46,4.738748550415039
11.04,12.51504135131836
14.18,12.55396842956543
9.57,6.6922760009765625
14.34,9.762706756591797
8.69,2.2569408416748047
10.63,0.9311065673828125
10.89,1.3245830535888672
7.2,4.313469409942627
9.93,5.574634552001953
11.63,1.5682353973388672
10.31,4.99238395690918
10.15,3.1302480697631836
9.94,2.6225204467773438
10.4,3.0429019927978516
7.01,3.325860023498535
12.05,7.053611755371094
12.09,2.8939476013183594
10.13,1.6488723754882812
10.76,0.2510948181152344
9.59,1.4964542388916016
11.42,1.4892139434814453
10.33,0.4758033752441406
11.77,0.5396347045898438
10.12,3.5439376831054688
10.88,2.4589061737060547
9.87,0.8669967651367188
15.21,2.743511199951172
7.9,5.390386581420898
8.55,2.5629959106445312
14.49,2.330638885498047
11.9,4.873769760131836
10.56,2.018941879272461
6.42,5.742955207824707
0.95,3.7432966232299805
10.21,7.845273971557617
10.58,1.2933311462402344
10.35,2.250070571899414
10.85,3.290461540222168
10.45,2.579723358154297
11.12,5.910516738891602
14.12,11.568721771240234
8.69,6.534002304077148
11.54,4.441623687744141
10.93,8.307310104370117
11.43,2.2929840087890625
11.27,1.6069374084472656
12.89,5.633319854736328
11.67,1.1778030395507812
9.01,3.588581085205078
14.84,10.017812728881836
10.41,3.243438720703125
13.85,1.5270652770996094
10.24,6.310707092285156
11.24,1.0005340576171875
11.46,1.504150390625
11.88,1.917032241821289
10.67,2.4293174743652344
11.98,3.8324546813964844
11.98,2.4221935272216797
12.8,4.170978546142578
9.98,3.786937713623047
9.82,1.4237918853759766
9.54,7.844232559204102
10.75,1.042154312133789
10.54,1.96954345703125
6.5,1.418687343597412
11.04,6.652408599853516
10.46,4.214395523071289
11.68,0.8614826202392578
11.3,2.454143524169922
11.94,2.853902816772461
11.89,5.814720153808594
10.3,4.036074638366699
9.95,3.375469207763672
6.93,4.7446770668029785
11.21,2.3098087310791016
8.61,2.8512439727783203
10.79,5.847112655639648
7.56,3.682809829711914
0.57,2.4142088890075684
7.07,4.858065605163574
10.33,2.595703125
11.84,0.59661865234375
8.63,2.8509578704833984
9.36,4.704980850219727
14.68,10.282463073730469
9.46,0.9875984191894531
10.72,0.046329498291015625
11.91,1.9575023651123047
10.61,1.3286361694335938
11.42,5.027647018432617
13.18,1.5536575317382812
12.41,6.76923942565918
9.86,1.8088092803955078
11.48,4.7866973876953125
11.4,3.261554718017578
13.84,1.5559349060058594
9.54,8.117860794067383
14.21,5.018657684326172
11.79,1.0894966125488281
6.81,2.7238292694091797
7.98,0.9908084869384766
8.45,0.06817436218261719
10.79,5.5217742919921875
9.43,3.990222930908203
11.28,3.3402442932128906
9.84,4.2483673095703125
13.64,4.278924942016602
6.98,3.2738332748413086
11.71,1.0014533996582031
6.49,3.27663516998291
6.92,3.080587387084961
9.51,5.513298034667969
10.48,3.573993682861328
10.02,3.2575607299804688
8.9,7.984752655029297
12.4,0.8589668273925781
8.27,6.508892059326172
10.54,4.902225494384766
10.21,7.617198944091797
11.24,1.628335952758789
10.73,1.1667957305908203
10.76,0.4837665557861328
9.52,7.670377731323242
8.7,2.233104705810547
10.2,12.441606521606445
9.92,0.2721366882324219
8.81,5.975337982177734
13.35,1.249847412109375
9.75,1.666036605834961
11.74,4.842798233032227
11.41,5.436529159545898
11.79,3.128376007080078
10.68,2.6924266815185547
11.58,3.2751102447509766
10.35,7.3616180419921875
11.46,2.3180465698242188
9.77,0.16893386840820312
12.56,1.70904541015625
9.77,4.221488952636719
10.96,4.780580520629883
6.78,5.821141242980957
11.23,1.2230167388916016
12.23,0.7430572509765625
12.09,0.3521690368652344
10.74,6.021520614624023
8.18,5.325605392456055
10.96,7.165250778198242
10.57,3.6075592041015625
7.86,2.235095977783203
11.25,11.710044860839844
11.97,1.2759132385253906
11.67,4.156579971313477
11.38,5.625495910644531
10.76,4.513294219970703
11.0,0.7911396026611328
12.99,0.5853309631347656
10.45,3.991497039794922
9.97,8.596527099609375
8.81,1.8530101776123047
12.32,1.3690986633300781
9.96,8.64780044555664
10.42,2.3107738494873047
14.34,0.24884414672851562
10.27,0.7623634338378906
9.35,4.097110748291016
0.56,3.0306637287139893
11.59,3.927295684814453
13.26,4.2415008544921875
13.77,0.6332321166992188
14.14,2.356616973876953
11.6,1.0323066711425781
10.42,0.7579231262207031
7.09,3.3759021759033203
8.7,6.453472137451172
11.9,0.8193740844726562
10.69,0.3383750915527344
9.48,0.8340129852294922
10.18,2.6293888092041016
6.59,1.0169143676757812
10.73,3.0484619140625
10.84,4.403583526611328
11.6,1.6986808776855469
11.69,0.8849411010742188
11.75,1.4673614501953125
11.3,0.7807693481445312
11.05,5.860984802246094
11.76,2.5635337829589844
7.71,1.5983219146728516
10.73,2.8548240661621094
9.4,0.76251220703125
9.5,3.898487091064453
10.32,2.7437076568603516
10.89,1.6613025665283203
10.54,0.26220703125
12.92,2.2214431762695312
10.53,5.101284027099609
10.59,5.179492950439453
11.51,0.6529827117919922
15.05,10.714521408081055
14.92,1.8342514038085938
11.61,0.7408180236816406
14.47,7.567844390869141
12.02,3.2956771850585938
9.27,0.32578086853027344
8.65,5.557403564453125
13.29,2.492523193359375
11.45,6.074249267578125
10.11,1.7419757843017578
10.35,4.401149749755859
13.94,4.719699859619141
12.7,4.203647613525391
11.98,3.415281295776367
13.48,0.9327545166015625
10.79,3.8055648803710938
12.15,5.95695686340332
6.65,0.018435001373291016
11.89,2.216215133666992
9.09,4.843164443969727
10.3,2.3678760528564453
7.07,2.5060300827026367
10.38,5.148105621337891
12.51,4.29322624206543
7.21,6.307178974151611
10.81,2.9117069244384766
10.94,0.3523902893066406
11.17,10.591106414794922
7.99,2.089937210083008
10.98,1.4789981842041016
8.07,1.3309268951416016
13.18,0.7966995239257812
8.25,2.536060333251953
11.55,4.046535491943359
9.23,4.214666366577148
10.0,7.273895263671875
10.3,3.5366878509521484
11.13,0.3043174743652344
8.61,0.8393630981445312
10.62,2.117757797241211
11.39,0.5664405822753906
10.75,0.4676361083984375
10.83,2.4690799713134766
14.86,0.17176437377929688
10.35,1.1863517761230469
10.06,5.146991729736328
10.48,4.190546035766602
8.05,3.3392810821533203
13.38,1.2815074920654297
9.86,3.0193519592285156
13.35,7.210733413696289
10.61,0.1648693084716797
11.88,4.846807479858398
11.53,0.22991180419921875
13.86,0.37825775146484375
11.72,5.647621154785156
11.31,3.688009262084961
10.05,5.658884048461914
11.81,3.734365463256836
11.67,3.8688793182373047
10.77,3.3799781799316406
7.49,5.651403427124023
11.1,5.184822082519531
13.55,1.2976856231689453
8.17,5.519617080688477
11.84,5.193721771240234
10.04,0.4706535339355469
12.87,4.344945907592773
10.07,3.339113235473633
8.15,2.0249404907226562
12.28,18.032684326171875
9.99,6.905611038208008
7.17,5.744611740112305
11.22,2.2023162841796875
10.94,4.165309906005859
11.54,1.6075496673583984
10.88,1.9811553955078125
10.68,1.8040122985839844
12.07,6.805234909057617
11.28,3.4837474822998047
15.05,5.0550689697265625
11.93,6.524688720703125
7.86,1.011331558227539
11.49,1.9858646392822266
10.48,3.6593103408813477
11.18,7.95634651184082
10.91,2.1154556274414062
12.68,15.150089263916016
10.32,6.030229568481445
9.82,5.46306037902832
10.81,1.5120010375976562
10.09,6.305938720703125
10.38,0.7304897308349609
9.96,2.117504119873047
11.96,0.3191184997558594
11.63,4.564535140991211
7.18,3.6523494720458984
9.72,6.791753768920898
10.72,5.208108901977539
15.75,3.2496109008789062
9.94,4.139429092407227
11.96,4.28105354309082
10.99,0.27378082275390625
11.19,3.5209808349609375
11.35,4.688798904418945
1.17,2.5523343086242676
11.65,3.0410900115966797
10.28,0.1275482177734375
10.93,1.100799560546875
12.14,1.37939453125
6.8,3.939004421234131
14.67,1.4332199096679688
11.2,6.614736557006836
0.66,3.99639892578125
11.88,5.702899932861328
14.16,3.5871124267578125
11.41,10.537818908691406
10.96,1.6886978149414062
8.66,3.2840118408203125
10.07,4.789970397949219
10.94,0.6054649353027344
8.03,0.28208160400390625
11.56,1.6750068664550781
11.62,16.598318099975586
11.73,1.286397933959961
12.29,8.36117172241211
8.04,0.7019290924072266
14.42,0.5213203430175781
11.48,6.228031158447266
3.74,2.3075754642486572
8.58,6.79692268371582
11.41,3.594829559326172
12.59,6.643741607666016
11.37,6.217527389526367
10.49,0.3466606140136719
11.01,13.811920166015625
10.54,8.560552597045898
13.97,2.255382537841797
12.1,7.176155090332031
11.99,5.814157485961914
12.97,4.41058349609375
9.98,3.5248794555664062
10.79,1.5654983520507812
10.81,0.4293861389160156
10.86,0.9149093627929688
10.68,2.838502883911133
11.18,0.23878860473632812
10.66,2.915281295776367
12.13,4.856809616088867
9.08,4.860418319702148
8.76,3.0543460845947266
6.87,3.401482582092285
10.95,1.6201095581054688
11.0,4.249057769775391
10.56,9.77264404296875
10.53,9.18124008178711
11.62,2.9549789428710938
11.77,3.9686927795410156
11.59,2.5433273315429688
12.38,0.5503616333007812
8.44,0.2809906005859375
10.21,0.6813907623291016
11.72,5.004621505737305
9.78,5.719873428344727
8.3,3.0405311584472656
10.44,9.071708679199219
12.15,3.8873538970947266
11.97,7.298004150390625
11.18,2.8953475952148438
6.28,6.453861236572266
10.58,2.74554443359375
8.85,1.7030391693115234
10.96,9.676597595214844
10.16,3.2726497650146484
11.63,2.4364280700683594
10.88,6.992673873901367
9.65,9.74783706665039
10.42,1.8954524993896484
10.36,3.25894832611084
9.29,9.876083374023438
11.05,5.513469696044922
11.17,2.710601806640625
10.68,2.1657657623291016
11.28,2.7745819091796875
12.35,1.1330299377441406
10.31,17.87251853942871
10.71,3.1686058044433594
12.18,1.2159461975097656
11.83,0.196136474609375
10.25,3.5274314880371094
11.05,7.9822235107421875
11.25,0.9240951538085938
10.82,3.8259239196777344
10.15,0.7596054077148438
8.55,11.793519973754883
14.36,8.809057235717773
10.9,0.10505104064941406
11.35,0.3032512664794922
10.7,2.1618900299072266
9.96,0.3801383972167969
0.65,2.732966661453247
8.66,9.58198356628418
11.06,4.0158843994140625
10.14,5.0066986083984375
10.47,6.724246978759766
8.95,0.46612548828125
6.58,0.26937389373779297
10.95,4.998603820800781
11.6,0.094818115234375
11.66,2.2766590118408203
8.46,1.5026359558105469
11.44,1.9553184509277344
11.08,1.1351051330566406
6.65,3.783590316772461
11.53,2.9528121948242188
13.78,1.1049575805664062
11.08,1.2185325622558594
11.55,1.5285091400146484
10.58,4.431962966918945
10.41,1.364501953125
12.02,1.6466178894042969
10.8,1.8355941772460938
10.96,0.7141189575195312
11.64,1.2493972778320312
9.3,0.2691497802734375
11.15,6.538244247436523
8.48,2.576131820678711
10.69,10.08132553100586
11.41,16.830894470214844
11.32,5.849662780761719
10.42,6.330562591552734
13.08,1.4948616027832031
9.37,5.612983703613281
7.18,5.054166316986084
11.38,0.7171821594238281
8.37,4.232257843017578
10.75,2.8327674865722656
4.23,1.7805213928222656
10.65,3.8415966033935547
8.64,1.4568862915039062
11.7,7.519281387329102
11.36,0.5695285797119141
11.97,6.660907745361328
11.24,11.930013656616211
12.54,4.63347053527832
12.04,1.75146484375
10.47,8.14151382446289
10.43,3.7052268981933594
11.88,2.0435543060302734
9.61,4.077985763549805
11.69,5.52020263671875
9.4,0.32868385314941406
6.76,4.031157970428467
15.18,2.132305145263672
10.94,6.65165901184082
10.37,7.492555618286133
0.75,2.5053162574768066
10.46,4.167980194091797
8.27,1.5153751373291016
10.1,3.4452762603759766
10.97,7.732915878295898
7.45,2.1517162322998047
10.71,1.8547706604003906
8.63,2.3266754150390625
10.52,4.829078674316406
6.71,0.37723207473754883
9.87,1.1111717224121094
11.05,0.4279327392578125
11.44,4.457862854003906
11.02,3.8657588958740234
8.06,1.4748649597167969
0.89,2.0415868759155273
10.66,2.5732345581054688
10.87,10.902229309082031
12.44,8.670419692993164
10.57,0.4557762145996094
11.67,7.746744155883789
10.73,1.452432632446289
0.63,2.5187771320343018
9.91,3.392253875732422
10.18,0.7908840179443359
11.73,5.296520233154297
10.2,2.6608314514160156
11.84,2.816469192504883
11.26,3.637653350830078
10.46,6.450763702392578
9.9,2.610025405883789
10.04,2.8794097900390625
10.65,6.92146110534668
9.11,7.87632942199707
8.04,2.554910659790039
10.22,7.588569641113281
11.1,2.8351402282714844
10.77,5.747014999389648
10.89,3.336894989013672
11.18,1.6616935729980469
8.75,6.848093032836914
9.78,0.031215667724609375
13.86,8.711091995239258
11.12,0.8086280822753906
10.4,8.579511642456055
8.26,4.111318588256836
11.6,1.7026214599609375
8.99,3.2730770111083984
9.14,5.256677627563477
10.55,2.0833969116210938
12.07,6.008617401123047
9.88,1.7000274658203125
6.59,1.5091285705566406
11.68,20.075714111328125
0.66,6.134737014770508
11.42,0.8422012329101562
10.13,3.3956222534179688
10.28,0.7687797546386719
11.69,1.390054702758789
11.15,1.7433052062988281
11.63,0.18695831298828125
14.81,6.888256072998047
0.63,5.121078014373779
10.61,3.093526840209961
14.24,5.013164520263672
10.97,0.9853973388671875
10.95,5.534235000610352
10.6,6.345874786376953
9.73,7.793628692626953
10.47,3.543994903564453
10.23,1.8058300018310547
11.84,2.0117530822753906
14.36,8.380191802978516
10.31,1.635274887084961
12.04,3.5193557739257812
11.82,2.992441177368164
11.55,3.6548995971679688
9.1,0.10816097259521484
10.55,3.778919219970703
9.73,7.186567306518555
10.96,4.665960311889648
10.82,0.6412982940673828
10.6,9.334175109863281
10.57,3.187631607055664
10.75,0.5533618927001953
11.36,2.1953353881835938
9.76,5.055120468139648
10.4,3.237874984741211
10.79,0.5994415283203125
9.42,6.400157928466797
11.48,17.421459197998047
10.96,11.723291397094727
6.99,2.686594009399414
11.36,0.4726676940917969
10.21,1.8099308013916016
10.48,2.0531158447265625
11.83,0.475921630859375
11.89,6.394268035888672
10.2,3.4059886932373047
13.66,7.87657356262207
10.44,3.0917930603027344
10.28,6.70683479309082
10.38,10.037923812866211
10.03,1.2417125701904297
10.52,7.510942459106445
12.58,2.4791412353515625
10.64,10.13650894165039
9.16,2.710845947265625
10.08,10.644020080566406
10.33,7.252180099487305
10.75,7.480546951293945
11.51,3.346403121948242
12.19,5.972841262817383
10.65,3.3758888244628906
11.05,7.4271392822265625
6.45,3.5505218505859375
10.13,12.310516357421875
10.6,3.588817596435547
11.05,0.06042671203613281
10.43,3.4633750915527344
11.27,5.674720764160156
10.98,0.7227001190185547
12.1,2.0471725463867188
9.86,2.453327178955078
7.07,3.764608383178711
10.35,1.6862010955810547
7.14,3.282205581665039
10.46,4.702075958251953
8.68,5.134120941162109
15.62,2.032012939453125
11.79,0.1353321075439453
11.28,2.7718429565429688
6.61,4.226274490356445
9.83,6.18592643737793
10.71,4.421794891357422
10.74,6.107536315917969
6.48,1.5396051406860352
10.07,2.076231002807617
14.08,8.18130874633789
10.28,8.362354278564453
11.22,0.072845458984375
11.5,5.0351409912109375
12.48,4.042509078979492
11.22,0.932281494140625
11.23,10.356355667114258
10.45,1.4873027801513672
13.91,6.4898834228515625
10.41,0.6347389221191406
14.73,3.9564895629882812
10.51,0.7083206176757812
10.78,13.10014533996582
12.42,2.011089324951172
10.6,8.33340072631836
10.23,0.5806713104248047
10.51,2.554220199584961
14.25,11.913028717041016
10.19,1.2901859283447266
10.87,0.24808883666992188
11.89,4.647747039794922
10.7,2.105663299560547
14.29,0.404998779296875
11.16,7.149784088134766
11.61,0.32343292236328125
8.98,6.587041854858398
9.54,1.3512287139892578
11.41,14.250005722045898
11.14,6.451210021972656
11.21,5.234779357910156
10.23,5.5425567626953125
9.22,6.452939987182617
1.56,4.768967151641846
10.05,1.587209701538086
11.58,1.109842300415039
11.69,1.2422027587890625
11.06,2.842775344848633
11.19,0.004711151123046875
9.75,0.9589385986328125
10.84,5.828830718994141
8.61,9.61825942993164
11.41,6.548622131347656
8.59,0.3763389587402344
11.06,15.568376541137695
9.36,4.98170280456543
8.83,6.082515716552734
11.39,8.806411743164062
10.47,2.7066307067871094
10.29,4.29376220703125
11.04,8.317481994628906
10.37,7.943609237670898
8.6,0.42578697204589844
11.35,0.31384849548339844
14.74,5.567375183105469
9.11,0.44254112243652344
10.16,1.3769092559814453
11.82,2.165630340576172
15.63,8.354255676269531
6.62,7.389915466308594
9.56,12.695625305175781
10.38,9.68919563293457
13.49,2.5096092224121094
3.86,2.076091766357422
14.08,0.3763542175292969
11.78,4.56348991394043
14.13,0.7738151550292969
8.87,5.726552963256836
10.33,5.303464889526367
10.02,0.6165294647216797
8.28,2.8097801208496094
15.28,9.280342102050781
10.65,7.007318496704102
8.37,3.267681121826172
11.37,1.3359794616699219
12.07,2.8836517333984375
12.98,0.5327796936035156
13.84,0.0701751708984375
11.96,1.3049392700195312
8.85,6.145206451416016
10.77,4.650859832763672
13.74,1.3762741088867188
0.74,4.640495300292969
10.44,8.545814514160156
14.7,4.480520248413086
10.55,3.9390106201171875
12.27,1.407135009765625
11.46,4.544013977050781
10.68,0.19861221313476562
10.14,5.009824752807617
9.68,5.52787971496582
13.12,7.526241302490234
4.31,1.6939697265625
12.85,0.9088592529296875
11.27,2.713685989379883
14.19,9.29817008972168
12.17,4.67741584777832
10.81,5.849531173706055
10.72,5.239255905151367
7.21,5.826937675476074
8.96,1.8551998138427734
12.07,4.600255966186523
10.65,0.25749778747558594
11.42,17.960689544677734
12.55,1.8013420104980469
0.78,2.0154471397399902
6.79,2.6355342864990234
6.46,0.9281177520751953
10.89,0.9484405517578125
10.3,5.150306701660156
8.66,1.9021663665771484
11.26,5.095865249633789
11.66,4.555347442626953
9.59,8.989229202270508
11.83,8.717853546142578
10.45,4.369548797607422
8.01,3.4037723541259766
10.8,1.7558422088623047
10.87,2.071521759033203
11.13,2.2225074768066406
14.01,3.136384963989258
9.99,11.195043563842773
10.9,0.9311447143554688
11.19,11.160886764526367
11.66,5.391681671142578
10.31,1.3624916076660156
9.52,6.447164535522461
14.09,0.7464141845703125
6.29,3.9622983932495117
11.95,2.897552490234375
7.44,4.656290054321289
6.86,3.418950080871582
10.85,2.041990280151367
14.19,2.2939720153808594
13.7,1.1243515014648438
7.22,3.8243942260742188
8.17,3.522869110107422
10.33,2.0503463745117188
8.75,0.3084831237792969
12.05,6.074178695678711
10.81,7.17405891418457
8.84,2.7035140991210938
9.88,2.1082992553710938
6.54,5.321142196655273
10.78,4.2394866943359375
12.09,4.593097686767578
10.7,6.175800323486328
10.89,3.0640640258789062
11.56,0.4564037322998047
10.69,1.1397438049316406
11.62,3.308591842651367
10.56,4.15172004699707
15.65,15.309684753417969
9.57,7.561090469360352
10.88,7.973299026489258
9.41,0.3846302032470703
10.28,4.911590576171875
10.03,0.6934623718261719
14.2,8.753067016601562
6.51,0.5389657020568848
10.81,0.8224258422851562
10.69,6.13847541809082
11.21,3.5531883239746094
10.52,3.4300003051757812
12.23,2.3883819580078125
10.84,3.0862064361572266
10.63,3.083271026611328
11.5,12.634225845336914
10.93,4.900857925415039
0.66,2.359145402908325
12.11,7.752719879150391
9.46,6.135852813720703
11.84,5.239236831665039
7.12,4.1574554443359375
13.7,0.3400535583496094
10.07,0.9278793334960938
11.15,3.6082611083984375
11.14,0.03343009948730469
10.27,3.024566650390625
0.69,5.816192150115967
9.47,1.4116230010986328
10.07,6.276342391967773
10.19,0.31723785400390625
10.14,4.849111557006836
10.86,0.5688591003417969
11.99,4.493047714233398
10.63,4.677326202392578
10.67,2.3207015991210938
11.42,2.059255599975586
9.9,0.7049636840820312
11.53,0.7146072387695312
9.47,2.633920669555664
11.38,1.4396743774414062
11.49,2.2777252197265625
11.78,5.88667106628418
8.13,0.6932353973388672
8.66,2.7908878326416016
10.38,10.514345169067383
14.66,9.44123649597168
11.59,3.6363525390625
9.85,1.2081108093261719
12.21,7.743854522705078
13.4,4.5191192626953125
14.67,5.829822540283203
11.8,0.276947021484375
7.29,5.789820671081543
10.98,0.5738716125488281
12.18,7.2012481689453125
11.85,4.062871932983398
10.85,2.4837703704833984
15.15,9.054931640625
11.88,3.3650035858154297
14.79,7.764274597167969
10.17,9.021102905273438
11.64,2.4008121490478516
10.68,3.0502052307128906
11.8,5.729684829711914
9.48,4.560331344604492
10.54,4.580812454223633
10.34,0.08436012268066406
11.99,5.330774307250977
10.43,4.739187240600586
10.96,2.640911102294922
9.86,4.389379501342773
9.38,6.651592254638672
0.4,3.583076000213623
11.19,4.025096893310547
10.29,0.5399150848388672
11.53,12.505422592163086
9.03,11.200775146484375
11.64,9.908557891845703
11.4,0.8290939331054688
7.46,4.498564720153809
9.92,8.113628387451172
10.67,0.10670280456542969
10.48,4.131267547607422
11.7,3.4697189331054688
10.52,5.648759841918945
10.16,3.9502830505371094
6.77,0.07053947448730469
9.79,0.06354522705078125
9.87,0.9226493835449219
8.27,2.43929386138916
8.48,2.502227783203125
11.29,7.1397247314453125
11.52,2.2543678283691406
13.15,5.004209518432617
13.48,1.509592056274414
11.66,4.430767059326172
14.76,3.1426315307617188
11.4,3.222198486328125
10.12,6.048295974731445
10.92,1.2118453979492188
11.96,1.4574012756347656
10.25,8.869348526000977
7.24,6.393805980682373
10.67,7.786901473999023
10.78,0.3431053161621094
10.07,6.893339157104492
11.26,9.094993591308594
9.17,5.489763259887695
11.93,4.859670639038086
8.6,2.9799880981445312
10.75,1.6426467895507812
10.42,3.5718002319335938
10.74,0.6177005767822266
10.08,0.4326019287109375
15.26,3.7320709228515625
7.29,4.347579479217529
11.5,6.605106353759766
8.99,9.28359603881836
10.17,2.7104339599609375
10.4,9.910280227661133
10.35,6.612606048583984
11.76,2.0271434783935547
9.69,0.8935527801513672
9.91,1.4474372863769531
8.72,0.5299644470214844
11.5,2.291706085205078
11.46,1.1713981628417969
11.02,3.760465621948242
10.44,5.737699508666992
11.07,0.4625568389892578
7.52,11.472515106201172
11.82,0.7313804626464844
10.28,2.126699447631836
11.71,1.1816787719726562
11.86,2.3519153594970703
8.79,2.5424537658691406
11.02,5.832244873046875
10.61,5.144586563110352
6.86,5.004741668701172
6.61,1.0245108604431152
10.4,2.7493629455566406
11.75,5.139007568359375
10.71,1.085836410522461
12.27,6.872312545776367
10.88,5.311988830566406
10.65,6.828207969665527
0.6,4.625351428985596
13.97,0.09479904174804688
10.19,4.258424758911133
11.07,0.541961669921875
6.58,0.7930665016174316
14.12,1.2391586303710938
10.0,2.5761775970458984
11.82,3.0268630981445312
8.47,7.837993621826172
12.02,0.8678665161132812
12.74,5.440196990966797
9.17,4.074178695678711
11.23,2.6050453186035156
6.64,5.38219690322876
14.49,0.6656303405761719
11.58,5.4276885986328125
10.83,1.9276313781738281
6.57,0.8992133140563965
11.33,0.4191627502441406
10.19,1.7244586944580078
11.86,2.6634483337402344
11.88,5.903095245361328
10.26,7.638271331787109
11.1,3.82696533203125
11.04,8.06517219543457
10.79,7.235431671142578
14.47,7.419889450073242
10.34,6.151933670043945
11.08,2.4346847534179688
11.46,3.8125076293945312
10.15,4.327201843261719
10.65,2.551359176635742
10.84,8.387289047241211
10.52,2.4190006256103516
10.96,3.322399139404297
10.85,6.184709548950195
12.06,6.927436828613281
11.91,8.109678268432617
11.98,3.0611572265625
13.85,3.582489013671875
15.02,2.271240234375
12.17,8.034051895141602
10.88,1.410400390625
11.97,14.080362319946289
10.86,2.1321640014648438
11.47,15.603334426879883
9.72,0.28220558166503906
11.56,1.0021228790283203
11.47,3.0972938537597656
11.29,11.334152221679688
10.12,1.831766128540039
10.66,0.7129554748535156
11.49,2.7063941955566406
10.53,4.955669403076172
13.72,0.892791748046875
11.36,1.0968704223632812
10.66,7.2987518310546875
9.88,6.046514511108398
10.67,5.171697616577148
11.94,0.7977542877197266
6.24,0.5179269313812256
12.46,6.952394485473633
8.48,1.9685745239257812
11.99,5.11737060546875
12.27,2.4012680053710938
11.53,12.514947891235352
10.39,2.4515304565429688
11.72,2.6332664489746094
11.3,0.7193717956542969
8.64,3.695484161376953
10.74,0.8785152435302734
10.37,2.150247573852539
10.29,7.434123992919922
10.44,11.776369094848633
10.14,1.725656509399414
10.79,4.231529235839844
10.16,9.646955490112305
10.83,2.725149154663086
10.25,4.511754989624023
12.86,5.087493896484375
10.39,4.928379058837891
9.9,2.274076461791992
14.22,11.256916046142578
11.14,3.3021297454833984
10.22,3.326955795288086
11.26,0.4658393859863281
11.16,15.469093322753906
10.54,0.4853343963623047
10.28,4.177434921264648
14.35,4.6316070556640625
14.22,3.9899826049804688
13.22,0.2003917694091797
10.53,1.9237194061279297
13.93,3.8344383239746094
8.8,8.91427993774414
10.67,4.970823287963867
11.96,3.124025344848633
11.65,1.942514419555664
11.18,5.973539352416992
12.87,3.4386024475097656
11.76,0.8436183929443359
9.28,7.383876800537109
8.67,1.3558979034423828
12.49,1.3959922790527344
6.41,5.905888557434082
9.49,10.449752807617188
9.17,5.817264556884766
15.08,6.656837463378906
11.83,15.136388778686523
10.96,0.7579765319824219
11.68,2.3514556884765625
13.57,1.3445358276367188
14.43,14.737798690795898
11.77,7.482383728027344
10.21,2.3453330993652344
10.83,0.5456733703613281
15.19,2.5249061584472656
11.03,0.1369171142578125
10.34,5.074737548828125
11.4,14.001689910888672
10.6,1.7430267333984375
9.27,0.24312973022460938
8.68,2.310638427734375
10.64,4.220968246459961
9.82,3.6145286560058594
13.5,1.6174468994140625
11.38,2.512432098388672
9.72,11.206401824951172
10.95,7.170999526977539
9.96,1.3946056365966797
10.62,10.44051742553711
13.71,1.257476806640625
7.04,3.3403329849243164
10.08,2.1239147186279297
11.5,1.5681610107421875
10.25,2.647745132446289
11.34,1.891448974609375
9.99,4.069541931152344
7.57,4.711825370788574
7.49,1.7814350128173828
10.84,7.987022399902344
10.86,3.8774166107177734
8.85,6.787973403930664
6.69,5.7196855545043945
11.72,3.738689422607422
11.46,1.7199668884277344
10.92,3.3594398498535156
10.24,2.4473838806152344
11.61,0.8067493438720703
8.67,5.860742568969727
11.01,7.892219543457031
11.1,6.577966690063477
10.64,0.3867301940917969
12.74,3.1096019744873047
10.57,0.7101421356201172
11.06,9.58289909362793
9.94,2.977161407470703
10.39,3.286701202392578
6.6,10.00849437713623
11.46,2.588125228881836
8.54,9.779333114624023
11.8,0.3562793731689453
11.45,2.918304443359375
8.81,8.097431182861328
0.81,3.8766210079193115
11.01,0.5869216918945312
10.6,2.882905960083008
11.81,4.755067825317383
11.93,5.698537826538086
13.93,1.0742416381835938
10.34,4.164827346801758
8.35,9.044389724731445
11.28,1.4778556823730469
13.13,5.261131286621094
12.47,4.1507110595703125
10.86,3.596830368041992
12.32,2.9744949340820312
10.67,3.3895931243896484
11.15,0.09998321533203125
10.23,4.423553466796875
9.28,13.929023742675781
10.68,1.15130615234375
8.91,4.9095001220703125
7.63,1.1661815643310547
10.52,6.4558258056640625
11.15,2.782886505126953
8.71,3.6115798950195312
10.18,1.341848373413086
13.65,5.099447250366211
13.55,3.8747177124023438
11.22,3.1081390380859375
13.24,4.873016357421875
12.59,1.3881378173828125
7.75,0.8964910507202148
7.1,6.704222202301025
8.58,3.1760196685791016
10.15,1.6988449096679688
10.45,0.646331787109375
11.37,0.8759708404541016
12.14,2.391071319580078
9.92,7.831001281738281
9.02,2.9341793060302734
10.07,2.1446151733398438
10.24,0.5719947814941406
11.58,0.8425750732421875
10.48,1.2196731567382812
10.24,3.3768272399902344
10.15,1.924661636352539
9.3,4.6725921630859375
9.72,1.8174114227294922
9.9,0.4553966522216797
7.13,4.88263463973999
15.02,1.6944389343261719
8.39,2.6453094482421875
6.56,0.14012622833251953
10.76,5.7516584396362305
14.35,3.5377845764160156
9.31,3.836700439453125
11.96,4.847576141357422
11.94,3.1729373931884766
11.66,1.6301803588867188
12.0,5.144048690795898
8.36,1.2083139419555664
10.56,3.4153919219970703
11.47,3.7779998779296875
10.26,1.9132366180419922
10.63,0.2512187957763672
10.25,4.778379440307617
11.32,1.2471809387207031
12.09,1.7793159484863281
8.53,5.259124755859375
10.49,9.549190521240234
11.45,0.23461532592773438
10.33,4.703529357910156
7.17,4.043826580047607
10.73,2.7363739013671875
12.48,2.3519020080566406
11.49,0.9426040649414062
10.97,0.8064136505126953
10.75,4.774131774902344
13.63,7.1067962646484375
8.94,0.5441875457763672
9.68,0.3850212097167969
12.13,7.719396591186523
11.99,6.152290344238281
11.64,5.705249786376953
11.01,0.5609550476074219
8.46,3.5491161346435547
9.63,2.7934322357177734
10.06,1.6702461242675781
11.19,9.048099517822266
11.84,2.3990631103515625
11.43,1.3794517517089844
11.59,8.127227783203125
11.35,2.4806175231933594
10.45,4.627885818481445
8.43,17.83868408203125
12.16,1.6766014099121094
10.73,3.8142166137695312
12.12,4.8554229736328125
7.11,6.691970348358154
11.93,4.944887161254883
11.54,0.9386520385742188
11.57,1.2316665649414062
12.36,6.062252044677734
11.22,4.512561798095703
10.4,4.186647415161133
11.83,3.4122047424316406
10.88,7.516786575317383
15.01,4.496452331542969
12.05,3.3730430603027344
12.16,2.027576446533203
9.61,4.895023345947266
12.12,4.887550354003906
15.17,7.141168594360352
9.44,5.039487838745117
10.72,0.18708419799804688
11.41,2.7727928161621094
10.71,7.811544418334961
11.53,1.8584117889404297
13.57,2.766439437866211
8.79,0.1610851287841797
12.71,1.4388236999511719
10.8,9.974756240844727
11.66,5.769723892211914
10.19,2.5864810943603516
11.68,2.967710494995117
11.55,9.939899444580078
11.61,2.19354248046875
11.65,1.4539871215820312
10.41,4.463132858276367
10.05,0.03388023376464844
10.37,1.6642189025878906
10.99,1.5270633697509766
9.46,1.0180950164794922
14.13,9.660898208618164
14.11,2.5297889709472656
11.98,5.642417907714844
11.06,0.0019664764404296875
10.45,8.585712432861328
11.53,3.2894554138183594
11.54,6.366182327270508
11.68,3.8626556396484375
10.82,0.7828578948974609
11.84,5.598745346069336
10.31,2.172945022583008
10.49,3.656574249267578
11.88,6.083885192871094
9.42,0.6667499542236328
14.83,2.725860595703125
11.55,5.237369537353516
11.81,2.0138931274414062
11.98,0.3810310363769531
11.45,3.0267562866210938
10.3,4.664758682250977
6.54,1.2362151145935059
10.09,1.7260723114013672
14.79,3.270061492919922
14.03,3.5644607543945312
11.85,3.9817466735839844
11.71,0.0002727508544921875
9.06,9.493522644042969
4.19,0.5137290954589844
8.79,0.20250320434570312
10.52,2.132009506225586
10.86,4.650630950927734
10.32,3.9271926879882812
10.03,2.848257064819336
6.66,3.0582704544067383
11.4,1.7906513214111328
6.84,5.449992656707764
12.53,2.009410858154297
10.94,24.760814666748047
10.71,4.985088348388672
6.34,1.6312475204467773
11.57,0.3022956848144531
10.67,2.0601539611816406
10.59,2.950206756591797
9.97,1.2451305389404297
9.86,3.885274887084961
11.55,2.3435420989990234
10.16,4.118147850036621
7.03,4.924957275390625
11.77,2.6654090881347656
10.16,3.3722591400146484
8.17,2.5881481170654297
13.92,5.046758651733398
8.09,0.3559694290161133
6.24,1.1324653625488281
11.39,2.5433616638183594
9.54,3.4319419860839844
12.14,6.381696701049805
10.21,5.721378326416016
15.24,13.410709381103516
8.77,5.266670227050781
11.46,1.9685020446777344
13.78,1.7073745727539062
7.17,5.353884696960449
6.9,6.090978145599365
11.84,5.285728454589844
10.84,1.8028926849365234
12.39,6.518505096435547
7.05,2.799898147583008
9.5,8.070964813232422
15.0,3.845550537109375
11.3,12.195375442504883
11.29,2.434947967529297
9.94,10.632808685302734
9.66,2.181262969970703
11.17,3.338531494140625
9.9,0.8365325927734375
11.61,6.084089279174805
11.1,0.2873077392578125
10.47,7.207889556884766
10.92,6.722713470458984
10.1,1.9662189483642578
14.01,7.675617218017578
11.92,14.381433486938477
11.64,5.04296875
11.46,16.921127319335938
14.09,2.197591781616211
12.28,7.15013313293457
10.38,3.495840072631836
10.95,2.1436119079589844
13.13,5.0246734619140625
10.32,5.472990036010742
10.0,3.2284584045410156
9.4,5.469249725341797
8.58,10.794710159301758
11.03,1.6093940734863281
14.68,4.564807891845703
11.82,3.8553314208984375
11.49,0.7527236938476562
11.98,5.057380676269531
9.97,7.744356155395508
11.14,4.123762130737305
13.2,1.3786354064941406
14.28,8.818902969360352
8.39,0.025989532470703125
10.15,9.61539077758789
10.78,4.244041442871094
10.77,5.178031921386719
10.42,0.014966964721679688
10.11,0.6960182189941406
15.05,2.2444725036621094
11.08,3.577058792114258
6.83,3.3044357299804688
14.16,0.9239120483398438
8.68,9.969696044921875
0.49,5.3795270919799805
10.39,1.0748176574707031
10.27,2.2249794006347656
11.02,6.636943817138672
11.98,4.26292610168457
10.63,0.4023475646972656
11.32,6.071689605712891
9.17,4.436347961425781
10.07,6.262752532958984
9.4,5.391139984130859
10.66,1.1037330627441406
11.68,5.048099517822266
11.67,3.2446327209472656
10.41,4.975471496582031
13.6,0.2597618103027344
7.2,4.360218048095703
9.11,1.3196334838867188
10.9,1.8371696472167969
10.64,0.5142250061035156
10.63,4.158174514770508
10.51,4.080879211425781
11.36,3.7144775390625
10.36,9.628448486328125
8.14,2.3221311569213867
8.24,2.9630374908447266
6.92,2.4108738899230957
11.93,1.68280029296875
10.34,10.203670501708984
11.82,6.019041061401367
8.76,2.177064895629883
11.45,0.3156089782714844
10.23,4.146381378173828
10.35,5.4910736083984375
12.07,2.5651512145996094
9.52,8.080118179321289
9.03,8.460920333862305
11.64,2.732271194458008
13.83,8.41457748413086
12.69,1.2299671173095703
10.58,5.285879135131836
10.36,2.1206893920898438
10.73,5.625720977783203
6.49,0.8648862838745117
8.76,5.386539459228516
9.48,9.037687301635742
10.65,0.4980278015136719
9.47,4.880735397338867
11.14,0.9141883850097656
12.05,5.429691314697266
11.18,2.1597061157226562
11.03,4.865177154541016
10.85,4.387845993041992
13.84,2.3889694213867188
10.18,3.424825668334961
10.8,7.357963562011719
10.82,2.412731170654297
11.67,6.693885803222656
11.1,16.132829666137695
10.08,2.0388870239257812
9.6,3.5203704833984375
10.48,2.1889209747314453
7.22,2.4711313247680664
10.33,3.049602508544922
6.79,3.2887611389160156
13.96,2.3097801208496094
11.38,1.1440467834472656
9.26,5.755928039550781
12.09,2.335390090942383
11.1,1.0761871337890625
0.58,2.4322621822357178
11.49,2.520557403564453
15.68,3.225494384765625
9.94,5.710079193115234
11.05,0.209075927734375
10.54,7.168827056884766
14.62,9.841215133666992
10.99,4.069770812988281
11.6,2.2906742095947266
9.55,0.6542396545410156
10.32,1.9270687103271484
10.51,7.226173400878906
10.6,2.314014434814453
12.0,0.5420246124267578
10.9,6.79551887512207
0.53,5.0401997566223145
9.53,3.895498275756836
10.8,1.0909576416015625
8.92,15.486300468444824
11.34,1.1074275970458984
9.3,7.249137878417969
11.37,2.5798683166503906
8.39,3.6535415649414062
0.79,2.1575779914855957
13.67,1.1734580993652344
10.3,8.44632339477539
10.29,1.949686050415039
9.95,2.5275707244873047
11.57,1.8926048278808594
11.49,3.101604461669922
10.33,5.09684944152832
10.9,1.7408084869384766
10.58,0.9214611053466797
9.33,5.049882888793945
10.41,0.220611572265625
9.89,8.02961540222168
11.95,3.9318981170654297
9.91,3.2295989990234375
6.58,1.8635501861572266
12.17,0.6992301940917969
11.53,17.215587615966797
8.89,6.057689666748047
11.65,1.8833045959472656
6.79,2.4360523223876953
10.25,2.972034454345703
10.25,1.7256355285644531
10.3,4.102565765380859
9.71,0.12790870666503906
8.25,2.1069698333740234
10.4,1.2149276733398438
0.72,4.694156646728516
14.7,1.4687232971191406
11.06,15.025032043457031
7.12,4.903727054595947
10.44,1.2005119323730469
11.63,1.0797309875488281
11.92,4.171545028686523
11.06,1.500253677368164
10.03,1.6841850280761719
14.21,1.9983406066894531
11.39,0.9272804260253906
10.15,0.7037334442138672
9.52,7.816673278808594
10.11,9.659666061401367
11.07,6.597362518310547
10.55,3.6412906646728516
11.26,5.7342376708984375
12.87,1.3291339874267578
10.95,0.9848957061767578
15.14,1.4119682312011719
10.99,2.405261993408203
10.78,2.299295425415039
10.92,0.16266441345214844
8.24,0.505767822265625
12.77,3.234111785888672
10.43,10.462223052978516
11.29,1.6625328063964844
11.56,6.732128143310547
8.88,0.6544990539550781
12.37,0.4101142883300781
10.42,4.071310043334961
10.7,9.016387939453125
10.72,4.601194381713867
11.28,2.6775264739990234
11.18,8.354928970336914
6.95,4.247550964355469
10.98,4.660652160644531
10.59,3.3470726013183594
10.22,5.059598922729492
10.7,4.792377471923828
10.93,4.801565170288086
13.81,0.40753936767578125
9.87,5.030853271484375
10.4,3.059907913208008
11.08,0.27233123779296875
11.3,1.4996986389160156
11.88,13.758211135864258
10.2,2.5644493103027344
10.74,0.06860733032226562
6.96,6.685958385467529
11.17,2.6729354858398438
10.68,2.2654476165771484
10.29,9.735164642333984
10.44,4.318697929382324
10.83,8.576738357543945
11.71,7.083171844482422
14.08,2.6833648681640625
10.63,0.009229660034179688
12.01,14.791196823120117
11.85,5.639003753662109
10.4,4.051082611083984
6.91,2.8120784759521484
11.34,1.9568099975585938
10.0,7.207330703735352
11.02,0.07567214965820312
10.07,1.5284881591796875
11.88,5.763204574584961
12.48,5.786596298217773
10.8,0.4532012939453125
6.89,2.566478729248047
11.44,1.4686851501464844
8.66,2.5980701446533203
6.22,1.0759687423706055
9.46,0.41643524169921875
10.64,9.905044555664062
10.33,0.46247291564941406
10.27,1.657073974609375
10.49,5.720909118652344
10.86,2.0093040466308594
10.67,3.2708091735839844
9.54,5.0199432373046875
11.4,3.255290985107422
11.48,0.4343433380126953
10.78,1.6038055419921875
9.48,0.44829559326171875
10.83,4.373525619506836
11.04,2.244415283203125
10.21,3.4246158599853516
8.29,2.9154396057128906
10.29,0.5198602676391602
11.46,0.4749946594238281
13.14,2.4642887115478516
0.76,2.39776611328125
14.73,0.3103446960449219
10.73,0.3261604309082031
10.47,0.9019775390625
11.57,0.441009521484375
10.03,0.9503650665283203
10.03,9.191144943237305
11.17,8.258996963500977
6.59,2.998305320739746
11.12,2.2006759643554688
10.57,0.19352340698242188
11.84,2.790590286254883
10.44,0.38907814025878906
11.33,6.441661834716797
10.75,3.32717227935791
8.37,5.965461730957031
10.89,5.2641754150390625
10.5,1.9664344787597656
11.09,2.893575668334961
10.51,0.08988571166992188
11.31,1.3455123901367188
10.36,1.4391441345214844
10.64,2.026611328125
12.33,6.205648422241211
14.83,9.634439468383789
11.69,16.083999633789062
0.49,7.090346813201904
10.66,3.7537012100219727
10.7,9.620990753173828
8.31,3.6492385864257812
8.91,6.886928558349609
11.73,3.8182525634765625
10.61,2.6795387268066406
10.42,3.7768287658691406
15.1,3.920185089111328
14.15,1.8712806701660156
9.34,2.9692611694335938
10.47,3.3691959381103516
13.75,0.07265472412109375
8.91,3.712209701538086
8.91,0.6914787292480469
11.35,7.12353515625
13.75,0.7566909790039062
12.89,7.2264251708984375
12.51,5.51475715637207
10.63,7.110490798950195
11.62,2.8018264770507812
8.17,2.958230972290039
6.89,3.783015251159668
10.58,5.791839599609375
11.03,1.4042034149169922
9.77,0.9722175598144531
9.8,5.011510848999023
11.25,1.6967658996582031
11.97,2.1209373474121094
10.32,0.40599822998046875
11.29,6.424869537353516
11.67,1.77587890625
6.32,6.228570938110352
9.96,0.4530677795410156
12.15,7.331184387207031
7.03,2.1939897537231445
10.62,3.2325210571289062
10.84,5.898405075073242
11.24,15.232086181640625
10.84,2.009714126586914
10.88,2.3799285888671875
10.11,3.8954334259033203
9.96,4.015357971191406
11.63,2.9528274536132812
9.49,3.795337677001953
6.41,4.99273681640625
10.24,0.05208778381347656
10.4,1.8024024963378906
11.13,2.9363441467285156
0.52,3.9879119396209717
10.42,5.451129913330078
9.79,2.7780303955078125
10.59,2.1674270629882812
10.55,5.789974212646484
4.96,1.9175901412963867
11.36,1.4313735961914062
9.58,2.0273380279541016
0.66,2.5071234703063965
10.51,2.715315818786621
14.24,0.6932106018066406
12.0,7.404695510864258
7.4,11.647634506225586
10.07,2.021087646484375
12.37,5.077070236206055
9.11,8.981576919555664
8.56,1.078145980834961
11.95,3.9893798828125
9.48,0.5197582244873047
10.28,2.516946792602539
9.79,3.6824398040771484
4.66,9.7904052734375
10.9,8.45292854309082
10.75,7.853543281555176
10.02,6.206207275390625
10.29,3.9383087158203125
10.5,4.755126953125
11.08,2.648775100708008
8.34,4.173406600952148
10.38,1.7878227233886719
12.31,8.26875114440918
10.62,1.3817901611328125
11.0,16.929378509521484
10.66,9.232532501220703
14.16,0.9360885620117188
11.73,0.7761592864990234
7.31,1.7010769844055176
11.84,1.9975776672363281
8.73,1.9255619049072266
10.95,8.590896606445312
11.5,0.3480052947998047
8.98,0.8915519714355469
15.23,10.980188369750977
10.56,12.444883346557617
10.31,1.9480419158935547
10.92,3.3237266540527344
11.97,3.8764724731445312
10.96,4.796295166015625
11.8,6.883390426635742
11.71,2.6031532287597656
14.24,11.430362701416016
9.71,4.755332946777344
11.47,3.2826175689697266
10.82,0.9242267608642578
7.91,0.6345939636230469
10.54,4.179754257202148
8.73,8.870986938476562
7.28,2.7187042236328125
10.6,8.747499465942383
9.62,2.907794952392578
11.68,3.736797332763672
10.28,8.916522979736328
10.23,3.366464614868164
11.54,8.395559310913086
8.9,8.457818984985352
8.2,9.769115447998047
10.46,13.248464584350586
10.71,0.813018798828125
14.63,5.959735870361328
11.79,3.7073726654052734
11.64,6.006145477294922
11.32,2.6407337188720703
10.58,8.638593673706055
11.16,1.8142280578613281
10.11,7.202600479125977
0.75,1.9271976947784424
6.73,5.654152870178223
10.36,6.563194274902344
10.59,11.52096176147461
10.47,1.8384056091308594
11.55,1.3871021270751953
12.18,4.410144805908203
12.04,6.539510726928711
10.22,7.072832107543945
3.92,1.908581018447876
15.36,3.7845191955566406
11.4,1.7116966247558594
10.56,9.44849967956543
12.12,2.108959197998047
11.54,1.6140060424804688
10.54,5.135189056396484
11.11,10.906463623046875
11.42,4.904905319213867
9.32,5.77678108215332
10.3,2.9173812866210938
10.85,0.5929393768310547
0.6,4.894620895385742
9.95,3.4398155212402344
10.1,2.6644363403320312
11.12,1.602804183959961
7.2,4.869433403015137
8.93,5.649055480957031
10.4,3.4798660278320312
12.41,0.89544677734375
12.4,4.736753463745117
11.64,2.1597213745117188
11.87,6.935741424560547
12.51,11.44676399230957
12.08,3.0331649780273438
10.95,5.441320419311523
10.12,6.702293395996094
10.82,2.0970191955566406
11.79,0.0659637451171875
10.17,8.555490493774414
5.94,1.0905423164367676
12.09,3.654489517211914
11.03,1.3000621795654297
8.72,2.6455039978027344
9.33,2.1168174743652344
7.91,2.8298511505126953
7.06,6.180918216705322
10.31,7.125860214233398
10.0,2.727245330810547
13.21,3.2313232421875
11.81,4.65997314453125
8.66,6.357110977172852
10.43,3.3465194702148438
10.76,1.484365463256836
12.13,6.967197418212891
13.64,0.6901016235351562
10.13,2.0344314575195312
10.21,0.787841796875
11.32,1.3567123413085938
8.66,5.952116012573242
10.73,3.3595523834228516
10.08,2.474271774291992
10.36,2.008209228515625
12.69,1.5143890380859375
9.84,5.629487991333008
10.89,2.828409194946289
9.65,14.411361694335938
6.63,3.4844980239868164
7.13,3.6098594665527344
14.92,5.233486175537109
11.69,1.7360458374023438
11.08,4.180614471435547
10.24,5.895814895629883
10.26,6.03729248046875
9.19,0.13325119018554688
10.88,4.342140197753906
12.78,3.847360610961914
12.4,6.6523284912109375
11.4,2.927387237548828
11.89,2.4388484954833984
11.49,13.08380126953125
10.53,0.30071258544921875
9.94,1.1626720428466797
10.76,8.131912231445312
13.98,2.4012985229492188
7.4,4.339265823364258
9.12,2.1085891723632812
12.05,2.4687423706054688
9.98,1.0237655639648438
12.22,6.957426071166992
10.11,0.06256866455078125
11.5,2.5905799865722656
9.77,0.6449317932128906
12.16,5.232669830322266
12.99,2.7741222381591797
9.9,1.8595848083496094
9.4,3.469106674194336
10.41,4.255739212036133
6.49,4.075462818145752
10.89,0.4997978210449219
10.17,4.607734680175781
10.48,1.569662094116211
10.84,4.286884307861328
12.01,6.408449172973633
11.02,4.643585205078125
11.35,1.8288650512695312
10.9,4.6595001220703125
10.27,5.522968292236328
10.37,4.794078826904297
11.49,4.375156402587891
11.08,0.10809707641601562
10.17,0.20847320556640625
8.83,3.804780960083008
7.12,3.5583038330078125
9.45,7.686628341674805
10.22,2.366029739379883
11.89,0.328338623046875
10.51,5.74786376953125
10.04,10.313034057617188
10.9,2.6440658569335938
12.8,10.714008331298828
11.63,0.06268501281738281
11.5,1.3666629791259766
10.57,3.9090538024902344
10.93,1.1905651092529297
9.69,0.14786529541015625
8.85,2.0156993865966797
10.93,5.258256912231445
7.34,5.625172138214111
10.59,5.100862503051758
8.76,0.21820831298828125
8.51,0.34589195251464844
10.35,6.031028747558594
11.78,15.229536056518555
9.25,8.702081680297852
14.35,10.076866149902344
8.77,5.59947395324707
10.1,0.8255901336669922
10.71,1.095083236694336
10.4,2.7968006134033203
11.93,7.346334457397461
10.47,1.2517356872558594
12.83,8.331972122192383
6.83,7.083539962768555
8.78,2.659597396850586
11.78,2.9375381469726562
1.5,4.872879981994629
14.65,2.845714569091797
11.78,5.0034027099609375
10.25,1.6152095794677734
10.93,3.285104751586914
10.27,1.608123779296875
13.18,3.661876678466797
12.13,3.646839141845703
11.62,4.194061279296875
10.67,1.227630615234375
10.81,0.7018318176269531
10.49,1.1603431701660156
6.92,2.9718151092529297
9.74,0.23354339599609375
8.77,10.019474029541016
11.98,3.677490234375
12.82,10.919023513793945
10.58,3.1787757873535156
10.03,5.918231010437012
11.7,0.9977874755859375
11.74,1.1806983947753906
10.6,1.6205120086669922
8.73,0.35647010803222656
10.42,9.654857635498047
9.0,6.4419097900390625
10.4,0.09681320190429688
11.73,1.9034576416015625
11.88,3.8110904693603516
10.3,2.828533172607422
11.09,1.9197540283203125
14.25,8.71885871887207
11.35,2.3880233764648438
9.76,8.450145721435547
11.52,6.533779144287109
7.92,3.955432891845703
11.57,0.45636749267578125
10.19,3.1442108154296875
11.54,1.7076969146728516
13.51,7.8711090087890625
10.26,4.085063934326172
10.37,5.985801696777344
11.37,3.8387222290039062
11.49,7.906089782714844
10.33,2.3946285247802734
12.72,3.7040176391601562
10.04,1.2232704162597656
11.36,1.2480430603027344
10.32,8.459638595581055
9.09,9.532590866088867
11.02,4.881874084472656
8.45,0.13094520568847656
11.52,0.9829902648925781
10.53,2.5911216735839844
9.93,8.82424545288086
8.25,4.438236236572266
10.6,2.8506393432617188
11.25,4.428377151489258
7.3,2.749248504638672
8.37,0.24460983276367188
13.95,11.062652587890625
6.68,0.4469575881958008
11.69,0.9579238891601562
10.83,6.845348358154297
10.83,2.669879913330078
11.29,1.7251625061035156
11.35,3.6133251190185547
10.95,0.44895362854003906
9.69,0.04694366455078125
10.36,0.06558609008789062
11.74,2.7962570190429688
11.17,4.081066131591797
14.23,10.55246353149414
11.55,7.357824325561523
11.5,1.025857925415039
9.98,8.803461074829102
14.02,0.4120292663574219
6.44,5.762737274169922
10.71,7.614925384521484
10.18,9.614818572998047
10.54,3.55621337890625
11.0,5.219367980957031
10.98,2.7734527587890625
11.32,0.5633335113525391
11.81,2.918832778930664
11.82,5.251863479614258
10.42,1.7442741394042969
9.72,14.064313888549805
9.0,9.14657974243164
12.78,3.1024131774902344
14.34,2.5188751220703125
8.45,3.0654354095458984
11.4,0.2138080596923828
14.46,0.3725395202636719
10.38,6.334113121032715
12.21,4.021051406860352
6.73,7.209192276000977
11.79,3.9938430786132812
14.97,2.667064666748047
12.06,3.3140869140625
8.61,3.8125247955322266
10.4,1.6271419525146484
10.14,0.2828521728515625
10.29,0.6981353759765625
11.11,7.722026824951172
11.33,3.6310462951660156
11.32,16.654342651367188
7.46,7.558900356292725
9.09,5.87335205078125
10.38,6.475473403930664
8.6,2.5009021759033203
10.32,2.827239990234375
14.02,1.3907737731933594
10.12,1.843069076538086
11.66,0.6843070983886719
10.92,4.666530609130859
11.07,0.6993560791015625
10.32,5.19403076171875
13.67,1.180511474609375
12.2,4.049142837524414
11.29,0.7841148376464844
10.9,2.692962646484375
11.46,2.564685821533203
6.27,5.703677177429199
10.86,1.0437736511230469
10.96,5.228900909423828
10.09,3.8138961791992188
10.04,1.1946372985839844
6.83,4.14328670501709
10.37,2.196748733520508
10.59,1.8560409545898438
9.23,1.5729808807373047
12.55,1.2363510131835938
9.41,0.2711143493652344
11.73,4.2710113525390625
11.2,25.118080139160156
6.57,0.9455404281616211
10.39,1.6211090087890625
8.99,6.671306610107422
10.88,2.3420028686523438
12.02,2.856700897216797
10.43,2.7278614044189453
9.59,1.5032100677490234
6.43,4.688276290893555
11.31,0.018524169921875
10.96,0.07385635375976562
10.33,2.522371292114258
9.65,1.82379150390625
10.91,8.245691299438477
10.42,4.273918151855469
11.36,0.07134628295898438
10.73,5.328786849975586
9.38,6.978193283081055
11.86,1.5801658630371094
11.89,5.860555648803711
9.15,4.599498748779297
0.67,4.702949523925781
10.16,2.252695083618164
11.53,3.8173866271972656
9.93,2.1045379638671875
11.77,5.831356048583984
10.55,7.258874893188477
10.59,10.28108024597168
10.84,5.703393936157227
7.89,2.5411930084228516
11.81,0.6827335357666016
11.65,22.939327239990234
8.4,4.683465003967285
9.5,3.92596435546875
12.15,3.2694168090820312
7.25,5.580036640167236
12.32,6.219850540161133
6.6,4.278603553771973
12.69,0.042530059814453125
0.66,4.811259746551514
11.31,4.880388259887695
8.51,4.313046455383301
10.41,5.15118408203125
11.34,16.7310733795166
0.62,2.746147394180298
10.78,8.86451530456543
11.79,0.4456920623779297
0.84,2.143232583999634
11.69,14.265352249145508
10.11,5.12464714050293
9.42,2.0107669830322266
11.81,8.145881652832031
10.26,18.039104461669922
10.61,2.1442718505859375
11.27,3.2918472290039062
11.36,0.8677139282226562
9.74,1.7824268341064453
9.51,4.190675735473633
8.1,2.527006149291992
11.43,5.8746490478515625
11.72,5.077091217041016
11.59,0.6209144592285156
10.2,1.0844078063964844
10.35,0.7657890319824219
10.17,0.9223861694335938
8.45,3.671487808227539
10.66,0.7029781341552734
7.1,5.598105430603027
11.75,3.4127845764160156
13.83,0.8912620544433594
14.33,7.8631591796875
10.5,7.45002555847168
12.85,1.0984306335449219
13.67,8.670854568481445
10.04,9.390270233154297
10.53,4.339454650878906
11.99,6.4462890625
11.87,0.9256916046142578
11.5,2.312967300415039
11.66,7.658782958984375
14.71,5.075294494628906
7.6,2.9123573303222656
10.41,5.144279479980469
10.39,6.151145935058594
10.52,2.2532615661621094
0.66,2.245354175567627
12.25,3.3347702026367188
11.91,4.120918273925781
10.16,3.3050613403320312
14.69,8.13351058959961
10.98,4.011417388916016
8.47,5.34197998046875
9.08,4.139324188232422
11.69,2.4312496185302734
10.66,0.6583137512207031
10.09,6.048248291015625
10.71,0.8747940063476562
10.1,1.6289863586425781
11.71,4.582578659057617
11.16,3.2565975189208984
9.8,3.6269474029541016
10.12,1.7203292846679688
11.62,1.8876285552978516
12.02,3.6819839477539062
11.43,2.6292972564697266
10.39,4.837759971618652
11.66,0.38459205627441406
14.72,1.1531753540039062
10.93,2.5311203002929688
11.86,0.9893074035644531
11.43,0.06499481201171875
11.1,0.7539005279541016
10.72,12.112262725830078
11.14,1.0284347534179688
8.44,5.432794570922852
9.11,8.911714553833008
13.93,2.5728530883789062
11.17,2.7921142578125
10.87,1.5938682556152344
9.73,1.5656976699829102
11.19,3.2858428955078125
14.84,3.4842376708984375
10.9,2.138843536376953
10.75,9.1650390625
14.62,0.6396942138671875
10.7,2.409069061279297
15.38,4.122241973876953
10.77,6.523714065551758
10.22,5.569490432739258
11.67,0.4200630187988281
10.14,7.321857452392578
10.55,3.094400405883789
15.17,3.4939231872558594
9.54,0.5949325561523438
10.8,2.2779808044433594
11.89,2.8775634765625
7.94,0.27301788330078125
11.88,2.790325164794922
14.1,6.949323654174805
11.82,5.413423538208008
10.8,24.324277877807617
10.75,2.8628368377685547
6.08,2.6355929374694824
14.35,2.9266319274902344
8.95,10.961587905883789
11.02,4.9837493896484375
10.08,5.969766616821289
12.52,1.3966598510742188
9.71,0.2496967315673828
10.09,2.342824935913086
10.07,0.4329071044921875
8.31,2.140838623046875
12.53,4.557121276855469
11.26,2.1724624633789062
11.18,0.013311386108398438
13.86,3.1384735107421875
8.61,7.08314323425293
14.8,9.883649826049805
11.27,3.722688674926758
9.04,2.7960071563720703
9.52,5.791530609130859
12.22,2.983743667602539
10.25,4.882287979125977
9.88,2.284208297729492
12.54,0.07697296142578125
13.78,8.517578125
8.91,11.481378555297852
11.28,0.6053943634033203
7.45,5.1924147605896
14.21,0.9648094177246094
14.93,1.6655731201171875
10.89,12.434249877929688
12.03,4.364864349365234
10.89,10.349494934082031
11.25,1.0292205810546875
11.08,5.811187744140625
11.63,2.3932762145996094
10.23,10.33978271484375
10.53,3.036355972290039
6.87,3.1167373657226562
10.47,1.3296260833740234
10.48,7.371192932128906
9.15,0.2611083984375
9.71,4.493345260620117
6.78,2.788661003112793
10.85,1.9555854797363281
11.72,3.1085548400878906
10.3,2.1804752349853516
9.91,6.663679122924805
11.26,1.6297416687011719
13.99,0.7133407592773438
8.54,3.437854766845703
10.41,1.3753108978271484
12.22,3.551023483276367
10.95,1.5601463317871094
6.73,0.42783069610595703
7.17,2.743472099304199
10.14,15.725830078125
10.86,2.6543960571289062
10.46,1.48699951171875
10.88,0.7711410522460938
10.05,4.245325088500977
10.98,0.02326202392578125
10.12,0.15094375610351562
11.81,5.632341384887695
10.37,2.478626251220703
10.99,10.748729705810547
12.32,6.404825210571289
8.33,2.347951889038086
12.32,1.9811592102050781
11.57,2.42108154296875
10.71,4.271053314208984
11.38,8.986017227172852
10.87,1.0614147186279297
10.64,1.6957416534423828
10.17,5.312594413757324
11.29,0.8539371490478516
11.69,6.373607635498047
14.73,3.4577674865722656
9.85,19.709829330444336
6.92,2.598539352416992
10.91,1.0190792083740234
9.72,4.917301177978516
11.3,0.9793319702148438
10.34,0.20424270629882812
11.3,5.010416030883789
10.39,3.4946250915527344
12.47,3.3290843963623047
10.64,6.445293426513672
9.71,1.0950088500976562
9.47,2.1454429626464844
11.72,3.6980342864990234
10.44,5.612125396728516
8.74,5.489713668823242
13.94,5.512943267822266
11.27,0.9873466491699219
7.8,2.002809524536133
9.91,1.0578594207763672
10.37,9.98043441772461
12.28,4.976747512817383
6.2,3.6595497131347656
14.48,9.154956817626953
9.6,14.016128540039062
11.45,6.89045524597168
11.64,0.8802604675292969
10.37,1.930135726928711
10.27,4.786876678466797
9.77,1.3116588592529297
8.29,2.713207244873047
11.71,3.451528549194336
11.48,18.729045867919922
11.3,5.363853454589844
12.09,4.591121673583984
10.73,11.55927848815918
8.87,8.308916091918945
10.84,8.523588180541992
10.5,9.557052612304688
10.61,1.5156669616699219
10.04,4.880167007446289
10.01,3.269012451171875
10.89,7.186435699462891
7.25,3.078805923461914
11.07,1.3436470031738281
9.97,3.7489471435546875
14.73,11.681724548339844
11.17,2.377931594848633
10.71,1.2680892944335938
10.55,10.361211776733398
11.93,1.3328819274902344
9.81,0.5304527282714844
10.82,8.797719955444336
9.66,7.116142272949219
9.31,0.2116565704345703
11.07,15.435314178466797
10.45,0.9857749938964844
10.45,1.3535327911376953
11.08,4.977104187011719
9.4,1.3748435974121094
10.87,7.1291656494140625
10.11,1.397491455078125
8.96,7.017509460449219
8.49,4.552824020385742
12.35,2.559040069580078
9.83,7.44664192199707
12.06,6.917083740234375
10.08,1.2750415802001953
0.94,5.816198348999023
11.87,19.446334838867188
6.4,5.4875335693359375
10.75,0.09183692932128906
10.48,7.515113830566406
9.9,1.2002582550048828
7.91,2.3353443145751953
12.95,0.3840904235839844
10.26,1.2512702941894531
8.39,0.4346151351928711
10.56,6.163814544677734
10.16,5.589542388916016
11.34,1.1131439208984375
11.33,3.7653369903564453
11.49,0.7157783508300781
14.03,5.233226776123047
10.42,1.8878669738769531
9.67,7.459079742431641
11.11,7.618171691894531
8.48,0.2383441925048828
6.63,0.8630337715148926
10.5,3.2907562255859375
10.21,9.508054733276367
10.92,2.0818862915039062
12.12,3.6334877014160156
10.96,5.520542144775391
11.94,3.7096385955810547
11.32,4.145740509033203
11.79,3.3044795989990234
10.15,4.481945037841797
12.33,0.2935600280761719
10.71,2.107257843017578
10.23,3.0203933715820312
9.95,1.28253173828125
14.23,5.205646514892578
9.54,3.0140380859375
11.56,2.003206253051758
11.01,0.8649654388427734
13.34,4.169864654541016
13.37,3.3771514892578125
10.08,0.41525840759277344
10.32,4.576789855957031
10.55,4.813934326171875
10.51,7.730186462402344
12.09,4.859249114990234
12.22,3.4303417205810547
12.12,0.3369789123535156
11.8,5.723501205444336
8.46,4.318565368652344
11.09,1.5415573120117188
11.35,2.010906219482422
9.57,6.592130661010742
14.91,3.0581398010253906
10.0,0.7194862365722656
11.84,5.252744674682617
10.38,1.847311019897461
9.69,0.7158031463623047
7.88,3.3196372985839844
9.36,5.757070541381836
10.58,3.543466567993164
11.94,4.761493682861328
10.18,3.6590137481689453
9.41,2.7650718688964844
6.87,2.026366710662842
12.71,0.30571556091308594
10.35,1.9713153839111328
10.49,3.7257766723632812
8.82,6.392721176147461
6.6,2.6432056427001953
10.67,4.619756698608398
10.52,1.5707855224609375
10.05,4.905345916748047
10.62,1.4016265869140625
12.0,5.036420822143555
10.43,2.809305191040039
10.67,2.2686691284179688
11.18,3.3325958251953125
11.8,2.217487335205078
11.72,1.9889202117919922
10.98,0.9049358367919922
7.14,1.306840419769287
10.51,4.005590438842773
10.46,3.9245834350585938
12.5,7.458608627319336
10.87,2.113513946533203
13.87,1.2744560241699219
11.54,0.1042633056640625
10.85,1.1993961334228516
13.72,2.1870651245117188
11.82,3.7084999084472656
10.02,1.0426292419433594
10.59,24.736221313476562
11.67,4.794092178344727
13.75,6.645076751708984
8.6,7.158899307250977
11.45,16.703842163085938
11.88,3.7920780181884766
10.96,1.1287708282470703
12.41,5.615156173706055
11.95,3.5635986328125
10.77,4.93231201171875
10.94,7.534082412719727
10.86,4.3033294677734375
8.9,5.39140510559082
15.29,2.337024688720703
10.32,4.380807876586914
10.55,0.26824188232421875
11.72,2.4910430908203125
11.56,6.122732162475586
10.99,1.2368927001953125
10.91,0.35732078552246094
10.38,4.948093414306641
11.15,1.9084587097167969
13.94,3.0073204040527344
8.23,3.284698486328125
9.34,4.16961669921875
9.75,5.571905136108398
11.44,3.931680679321289
10.35,2.0125484466552734
10.64,10.283544540405273
9.52,9.447303771972656
11.38,7.861438751220703
10.01,0.14467430114746094
10.15,3.1961307525634766
9.97,8.193414688110352
11.88,19.300806045532227
10.75,0.2957191467285156
11.69,0.3117084503173828
11.65,5.360038757324219
10.57,1.7842884063720703
10.25,1.4172706604003906
10.82,4.883739471435547
11.81,2.149374008178711
7.19,2.3067989349365234
11.93,1.8873157501220703
11.79,0.46721649169921875
10.31,4.768344879150391
10.83,8.233827590942383
12.55,0.22117042541503906
10.14,2.511615753173828
10.78,1.4854240417480469
9.98,3.203968048095703
10.96,11.468181610107422
8.58,9.806234359741211
12.23,5.70042610168457
10.66,1.0170555114746094
11.19,5.288061141967773
11.96,2.9108810424804688
11.37,0.7061424255371094
14.59,3.483530044555664
10.14,3.048971176147461
10.84,5.933097839355469
9.86,4.372810363769531
11.63,5.737186431884766
11.25,7.7875213623046875
10.98,1.091217041015625
9.19,8.841867446899414
9.95,10.470954895019531
9.7,19.680984497070312
11.84,2.9758567810058594
10.99,5.088916778564453
9.88,0.044574737548828125
10.94,2.297168731689453
7.01,3.357236862182617
10.02,10.449831008911133
11.65,14.837749481201172
8.23,6.190773010253906
10.47,8.355180740356445
10.7,1.8907737731933594
12.11,3.5084400177001953
10.43,10.881486892700195
10.26,21.068065643310547
9.49,2.3437538146972656
10.56,0.04392242431640625
13.15,3.0895767211914062
14.62,7.092372894287109
14.3,0.38883209228515625
7.98,0.5043907165527344
9.95,5.391975402832031
10.71,1.033233642578125
10.47,6.641188621520996
6.48,0.9958200454711914
11.29,6.259708404541016
11.52,0.77960205078125
11.09,0.5799636840820312
11.33,5.819005966186523
11.85,6.662010192871094
8.83,0.8593101501464844
12.31,7.393918991088867
14.62,8.757225036621094
8.98,7.485406875610352
8.87,3.6807117462158203
11.5,0.5824794769287109
7.06,2.9358043670654297
11.61,1.1078338623046875
8.5,0.9504642486572266
9.53,6.945459365844727
11.61,2.0647239685058594
13.7,0.5944747924804688
9.21,5.940607070922852
11.37,3.8930892944335938
12.57,2.4859657287597656
12.38,6.304439544677734
10.8,20.779685974121094
10.74,2.325439453125
15.67,1.4438056945800781
10.72,2.0329017639160156
10.2,2.051656723022461
10.34,4.645652770996094
9.85,11.980241775512695
10.42,7.993968963623047
10.98,0.11796379089355469
12.27,1.0986385345458984
11.22,2.370271682739258
10.11,7.347667694091797
10.12,0.8258495330810547
10.74,0.3875598907470703
9.29,3.913532257080078
7.08,3.7898526191711426
14.25,0.7806129455566406
10.94,2.6467323303222656
12.14,4.708477020263672
7.21,3.963351249694824
9.95,4.109733581542969
10.46,2.16033935546875
0.71,4.062283039093018
10.28,8.372417449951172
11.65,3.083822250366211
8.98,11.259683609008789
10.11,2.7164249420166016
10.74,9.805915832519531
10.76,4.237003326416016
13.95,8.395927429199219
10.91,0.2809257507324219
9.31,1.0944023132324219
9.8,1.6280269622802734
10.67,0.7653350830078125
10.55,1.1727676391601562
10.06,3.513917922973633
10.82,1.52923583984375
13.35,0.2766990661621094
10.57,1.203369140625
6.51,4.252506256103516
10.59,1.3649120330810547
6.88,5.216899394989014
10.67,0.8572769165039062
11.59,4.363323211669922
10.74,1.1493377685546875
7.9,2.7583980560302734
8.01,5.379730224609375
9.5,17.106538772583008
9.72,1.127981185913086
11.28,1.7049217224121094
11.01,9.731616973876953
6.45,7.180575370788574
10.31,4.815284729003906
10.29,6.332391738891602
10.88,4.327808380126953
14.06,1.6976089477539062
11.73,0.91131591796875
6.64,5.193887710571289
10.31,3.6032447814941406
14.53,1.5274734497070312
15.1,9.306249618530273
10.32,6.3426513671875
11.03,1.8913154602050781
7.4,4.843574523925781
9.09,5.219058990478516
8.56,3.2894134521484375
9.93,0.7234973907470703
10.96,0.6987514495849609
11.31,11.585189819335938
10.98,1.3722419738769531
11.27,5.7032318115234375
8.59,0.3638286590576172
11.74,4.705322265625
8.73,3.3239402770996094
11.17,4.108371734619141
11.54,4.244844436645508
12.16,4.330322265625
10.78,2.0240306854248047
10.18,2.249011993408203
12.02,3.6572227478027344
12.64,11.033184051513672
12.35,1.356475830078125
10.19,3.0914154052734375
11.61,0.4158611297607422
10.15,3.934114456176758
11.67,16.506214141845703
10.45,3.8029308319091797
7.16,4.776287078857422
7.07,3.262742042541504
7.17,2.835505485534668
10.64,1.5076656341552734
10.12,5.029048919677734
12.15,8.520423889160156
7.66,5.339752674102783
9.4,3.9952125549316406
10.37,1.3653984069824219
10.97,6.609724044799805
11.11,1.3949813842773438
10.0,8.865028381347656
11.45,2.71978759765625
11.7,0.7301464080810547
9.74,2.1261234283447266
10.04,3.1908321380615234
12.13,6.9768524169921875
14.72,12.287134170532227
10.55,6.595577239990234
10.29,0.7578792572021484
10.22,2.4767818450927734
14.52,8.733638763427734
12.77,4.363973617553711
9.74,14.061588287353516
12.18,5.915260314941406
11.23,1.8061847686767578
10.53,9.621208190917969
8.05,7.8322906494140625
11.51,1.6341018676757812
11.56,0.3708820343017578
11.91,4.344949722290039
8.44,7.778209686279297
10.8,3.649707794189453
11.09,5.027641296386719
9.8,1.8755989074707031
11.69,2.3804893493652344
11.02,2.7944107055664062
10.56,3.8333301544189453
11.49,0.35288238525390625
9.35,7.269371032714844
14.56,11.592325210571289
10.27,0.9716835021972656
10.17,4.246545791625977
11.07,6.4020233154296875
11.7,4.490560531616211
10.63,7.637746810913086
11.43,3.4998092651367188
11.82,3.6951942443847656
8.5,5.120687484741211
10.4,3.1550769805908203
6.75,1.9277887344360352
10.87,0.054683685302734375
14.95,6.177005767822266
9.86,1.7148990631103516
11.64,0.22292518615722656
13.26,6.035953521728516
10.13,0.36331939697265625
10.31,7.073345184326172
7.27,3.039581775665283
6.9,2.0808582305908203
11.52,1.6211814880371094
10.35,5.218954086303711
9.04,3.824390411376953
14.61,8.116514205932617
11.37,0.019460678100585938
10.25,2.912221908569336
11.31,0.15022659301757812
10.98,2.103565216064453
11.67,11.275611877441406
11.59,3.106527328491211
0.43,4.460179328918457
8.56,2.9130077362060547
8.66,2.862813949584961
7.43,1.2676105499267578
11.78,2.4513702392578125
10.59,4.558929443359375
10.48,8.066951751708984
13.81,1.3179931640625
14.35,7.948703765869141
7.11,2.3267765045166016
10.26,1.0963459014892578
12.15,6.318876266479492
14.35,5.6836700439453125
10.26,0.7804145812988281
10.41,3.386198043823242
10.58,0.4469013214111328
11.33,5.2400054931640625
9.57,2.695505142211914
8.64,3.9748802185058594
10.49,3.316570281982422
11.61,2.656757354736328
10.91,2.8132057189941406
11.15,5.651893615722656
10.98,10.081243515014648
11.78,5.687309265136719
9.36,3.964550018310547
11.5,6.446754455566406
11.65,5.887794494628906
10.72,4.632961273193359
9.32,0.5033721923828125
11.24,1.815866470336914
10.35,3.5885543823242188
10.49,0.7094383239746094
10.33,5.287181854248047
10.3,4.073870658874512
7.11,1.1435546875
11.57,1.7104606628417969
11.44,2.380023956298828
10.71,1.2766361236572266
12.52,3.1617279052734375
10.77,2.7321205139160156
10.64,1.7469978332519531
9.46,2.954803466796875
11.66,9.807235717773438
10.31,1.9658145904541016
10.67,2.430116653442383
10.76,8.848297119140625
12.09,9.026500701904297
12.22,1.7064552307128906
10.66,4.067783355712891
11.62,2.1826343536376953
7.21,3.9096384048461914
12.16,3.5391292572021484
9.69,0.09521675109863281
9.66,6.312036514282227
10.56,9.009032249450684
11.11,2.8375701904296875
7.6,0.41260337829589844
10.43,0.7565326690673828
11.33,4.296625137329102
10.64,6.381631851196289
7.7,0.9343433380126953
14.36,7.078178405761719
12.03,4.075815200805664
11.67,6.830970764160156
10.01,0.05945587158203125
11.94,1.0262470245361328
11.73,1.18414306640625
10.98,1.2847042083740234
8.33,1.145176887512207
11.91,3.159992218017578
13.13,1.2762832641601562
10.81,7.917552947998047
10.54,4.840425491333008
9.66,5.94837760925293
10.55,0.6390609741210938
11.49,0.7592315673828125
11.01,10.083200454711914
14.42,0.375396728515625
12.02,4.429779052734375
10.34,3.848440170288086
10.66,1.1848411560058594
12.12,1.5960159301757812
10.55,2.935546875
10.18,9.863746643066406
10.63,1.364633560180664
10.41,0.9892463684082031
11.56,1.2238044738769531
13.92,8.06036376953125
6.83,6.338266372680664
14.21,5.364145278930664
12.24,3.986408233642578
10.68,7.799150466918945
9.3,3.8064231872558594
12.14,4.3746185302734375
10.54,4.204141616821289
10.57,1.2124748229980469
9.82,5.401105880737305
12.65,2.345674514770508
12.68,1.594085693359375
0.55,2.528404712677002
6.19,1.1381721496582031
10.57,10.642454147338867
10.82,2.123119354248047
11.12,7.660032272338867
9.3,5.047737121582031
11.81,4.515964508056641
11.01,8.659536361694336
10.51,4.569477081298828
13.65,2.1829147338867188
13.96,7.705728530883789
12.99,1.0267333984375
10.23,9.820455551147461
11.31,4.289402008056641
11.7,0.6043643951416016
10.72,2.8560447692871094
11.73,2.370105743408203
12.86,1.633270263671875
11.29,0.641845703125
10.92,0.6875438690185547
10.61,6.808048248291016
9.92,3.525033950805664
9.53,3.1229400634765625
9.7,4.706626892089844
11.64,1.652130126953125
11.66,3.6513309478759766
13.54,8.264274597167969
13.3,4.169536590576172
11.57,1.4259986877441406
12.79,2.4444942474365234
10.25,0.7833671569824219
11.03,4.925457000732422
9.92,6.547021865844727
10.58,0.7592735290527344
8.37,14.135047912597656
8.43,7.224496841430664
13.54,3.6578006744384766
9.56,7.59400749206543
11.9,2.865102767944336
10.45,2.0178966522216797
9.59,0.5676231384277344
8.02,2.801462173461914
0.53,5.121789455413818
11.81,1.3968429565429688
10.69,1.4160537719726562
14.36,1.5715599060058594
10.61,5.014593124389648
11.37,13.425504684448242
9.6,3.3438720703125
9.95,1.870391845703125
10.24,6.00212287902832
10.6,10.052955627441406
10.97,1.8892898559570312
10.16,7.153038024902344
11.86,4.594011306762695
10.0,2.428577423095703
11.78,2.1025123596191406
11.02,0.3901023864746094
10.57,4.052366256713867
7.11,1.681035041809082
12.88,2.860525131225586
0.74,4.665767192840576
6.73,0.6308016777038574
12.39,9.671287536621094
0.76,2.5823419094085693
10.45,10.141485214233398
11.95,1.2765159606933594
7.26,1.5847506523132324
13.73,5.460260391235352
11.01,0.4525318145751953
11.38,1.093271255493164
7.39,3.6500015258789062
10.3,1.5576858520507812
11.07,2.8281307220458984
11.49,2.6405982971191406
11.31,7.6604461669921875
14.51,3.3281593322753906
10.98,1.7065773010253906
13.39,7.593311309814453
10.67,6.181804656982422
10.54,0.3239250183105469
12.46,7.931119918823242
10.31,1.6516532897949219
10.34,2.1007442474365234
9.7,4.013250350952148
9.61,4.617124557495117
10.58,0.04514312744140625
11.76,0.11210823059082031
12.17,2.861602783203125
12.08,5.0234832763671875
10.55,2.7390518188476562
10.4,2.944000244140625
9.55,0.7852096557617188
14.27,10.115367889404297
13.54,1.4091949462890625
11.66,13.16966438293457
6.37,8.736579895019531
11.97,9.98031997680664
13.05,2.501068115234375
11.64,2.558563232421875
11.24,2.3885650634765625
9.68,2.8977108001708984
12.87,7.4692535400390625
13.39,3.005321502685547
13.62,2.117877960205078
14.54,3.651693344116211
11.71,1.3372116088867188
10.38,3.4102725982666016
9.55,0.8845901489257812
10.42,3.105184555053711
11.47,1.2594184875488281
9.66,0.6639328002929688
1.41,4.944362163543701
9.8,1.1426448822021484
10.36,2.547069549560547
6.42,2.791193962097168
10.35,4.008663177490234
11.64,0.6899261474609375
11.47,13.766752243041992
7.18,5.478917598724365
10.05,7.975189208984375
9.17,9.639236450195312
10.52,0.6278724670410156
10.17,4.435392379760742
10.06,6.628063201904297
10.34,7.120075225830078
10.72,4.430170059204102
7.19,4.082542896270752
11.02,11.94818115234375
10.64,4.8183441162109375
10.62,1.8463325500488281
13.16,6.958112716674805
11.72,1.0201282501220703
9.4,7.632778167724609
11.15,2.8015823364257812
10.86,1.3636398315429688
10.86,9.326858520507812
11.9,0.9817390441894531
10.74,1.5251045227050781
11.57,0.9119873046875
10.04,2.35223388671875
10.47,0.3483467102050781
12.11,2.2118282318115234
14.06,2.062030792236328
7.77,1.2439098358154297
11.2,2.037240982055664
10.78,1.7154483795166016
10.05,6.964357376098633
15.32,2.392498016357422
11.22,3.587949752807617
10.36,2.601207733154297
10.8,5.002954483032227
9.97,0.3450145721435547
10.6,1.7130050659179688
9.03,3.511871337890625
11.97,0.986480712890625
11.95,4.104076385498047
10.5,2.8897438049316406
11.52,4.903034210205078
11.42,9.603965759277344
10.0,5.7867584228515625
10.54,1.6530017852783203
11.78,0.35063934326171875
10.7,4.169101715087891
9.74,3.391447067260742
10.7,2.799488067626953
10.47,3.356191635131836
14.17,0.4144477844238281
9.78,4.89276123046875
9.98,1.5746116638183594
10.59,0.5848655700683594
10.13,3.9771251678466797
11.4,1.3835716247558594
9.58,1.498678207397461
11.08,7.43043327331543
9.6,2.1783809661865234
11.47,6.22813606262207
8.46,4.718599319458008
9.46,0.6856002807617188
13.79,2.3830528259277344
0.68,4.822384357452393
9.69,1.9296932220458984
13.6,1.085723876953125
11.65,1.3950920104980469
7.0,3.694960594177246
9.01,0.5857448577880859
11.73,0.2804698944091797
11.53,1.9282913208007812
11.33,1.4665336608886719
8.67,4.285789489746094
12.27,1.5278816223144531
11.07,2.2860984802246094
11.74,4.137441635131836
6.67,3.684469223022461
7.55,4.7380595207214355
11.78,6.261823654174805
11.17,2.4786319732666016
11.77,3.4054412841796875
0.53,3.0696403980255127
10.61,5.671079635620117
7.09,2.5729541778564453
10.45,0.6676845550537109
7.04,2.709883689880371
10.62,6.617727279663086
10.1,1.3750362396240234
8.2,2.5041732788085938
8.92,0.30042457580566406
11.1,0.476531982421875
10.18,1.1925601959228516
12.09,3.3362579345703125
10.66,1.4986639022827148
9.49,7.98765754699707
11.47,1.4018516540527344
8.88,3.2465267181396484
10.86,7.263883590698242
13.71,2.237812042236328
10.77,1.0513267517089844
10.62,4.4191131591796875
12.15,7.341983795166016
0.59,3.9532132148742676
10.65,3.2378578186035156
11.3,6.0225830078125
10.73,1.3007240295410156
7.78,1.4060592651367188
10.62,5.404994964599609
10.47,5.512537002563477
7.26,4.319025039672852
11.64,1.5656394958496094
11.26,1.76641845703125
14.42,5.472034454345703
9.83,3.6726856231689453
15.33,1.6749839782714844
10.17,0.640838623046875
11.67,0.3521919250488281
11.34,2.5538482666015625
11.18,2.5930557250976562
9.32,15.015562057495117
7.53,2.1746082305908203
9.87,0.29611778259277344
10.32,2.200305938720703
11.74,5.110759735107422
11.11,5.530040740966797
15.71,0.9160346984863281
10.28,1.191335678100586
10.65,0.9458160400390625
11.57,4.555126190185547
11.92,7.137783050537109
9.66,6.661832809448242
10.57,0.6889839172363281
12.0,5.8876190185546875
9.19,8.610847473144531
6.81,4.368366241455078
10.05,0.23383331298828125
6.57,1.618506908416748
10.53,9.255722045898438
9.25,0.5702171325683594
9.89,1.9107608795166016
9.7,1.3907546997070312
9.22,0.7092666625976562
11.44,2.3843746185302734
7.42,5.192743301391602
10.21,6.954509735107422
10.93,4.267663955688477
11.41,1.3620834350585938
11.92,4.89177131652832
11.67,0.5100517272949219
14.71,9.71072769165039
14.15,5.029386520385742
12.52,2.7379989624023438
9.82,0.6611747741699219
10.05,0.7104854583740234
10.22,1.4915885925292969
11.31,14.554082870483398
12.19,1.3671493530273438
11.79,7.413663864135742
8.58,4.6195831298828125
10.84,2.1953296661376953
8.73,0.774078369140625
10.42,0.23473739624023438
11.32,4.539737701416016
13.54,2.8341331481933594
15.38,9.666936874389648
11.14,3.0043907165527344
12.11,3.1950836181640625
11.06,1.653097152709961
8.2,2.275493621826172
10.34,2.974020004272461
11.32,1.3745918273925781
11.99,4.656059265136719
9.87,0.09911346435546875
11.23,5.440555572509766
6.47,0.1539015769958496
12.22,5.023586273193359
10.3,4.757942199707031
10.79,0.2143707275390625
8.85,2.804168701171875
10.9,2.610210418701172
11.63,2.4227256774902344
10.34,3.9944210052490234
11.13,1.9490737915039062
14.39,1.8296470642089844
6.56,0.11074638366699219
9.53,9.37120246887207
6.27,5.939453125
13.84,10.044300079345703
11.47,2.7014522552490234
12.74,4.006443023681641
15.11,18.565799713134766
10.58,10.647743225097656
10.52,3.879781723022461
11.28,2.011028289794922
14.57,1.0934944152832031
11.64,0.036754608154296875
10.52,3.977649688720703
11.65,10.349891662597656
10.43,3.2472877502441406
8.42,4.80906867980957
9.81,10.664152145385742
10.36,1.5925941467285156
11.86,0.4326915740966797
10.66,5.0479736328125
9.06,9.715959548950195
12.78,3.123788833618164
12.58,9.95767593383789
10.14,0.332611083984375
9.2,8.14169692993164
10.08,1.5546150207519531
10.78,3.6309814453125
10.51,6.149940490722656
11.12,3.663299560546875
11.68,1.9875106811523438
8.96,5.895906448364258
11.46,2.763408660888672
9.27,1.7341842651367188
8.68,3.1282405853271484
11.13,5.615741729736328
10.45,3.99346923828125
11.65,5.33802604675293
6.87,3.476681709289551
11.06,2.0309791564941406
11.42,1.8110389709472656
10.76,1.5198478698730469
6.64,2.535860061645508
11.87,0.6264572143554688
10.56,4.01069450378418
10.86,4.609148025512695
9.25,0.5638046264648438
9.92,0.4492378234863281
10.09,5.76936149597168
10.83,2.2607498168945312
9.91,4.085208892822266
9.54,6.433904647827148
8.48,3.5651350021362305
13.52,1.4690322875976562
10.68,0.7739639282226562
13.23,3.614879608154297
10.52,4.323799133300781
10.38,3.8309192657470703
10.51,0.5584430694580078
9.55,3.3772048950195312
9.25,4.578887939453125
10.57,4.611082077026367
12.05,1.4790611267089844
11.35,1.1456069946289062
10.6,4.839214324951172
11.33,3.4064559936523438
9.65,0.08089637756347656
13.0,1.7053298950195312
10.9,7.283184051513672
9.72,1.2080726623535156
8.49,1.2082443237304688
9.96,3.3854293823242188
7.2,5.854555606842041
10.35,4.949765205383301
9.95,0.216552734375
11.61,2.8760147094726562
9.21,9.949504852294922
14.72,1.6682586669921875
9.01,8.751676559448242
12.57,1.2462882995605469
10.84,0.8014965057373047
9.9,3.5171852111816406
7.14,5.409762859344482
10.07,2.122720718383789
6.79,2.699604034423828
10.73,9.344978332519531
11.73,3.3505191802978516
11.33,5.152521133422852
11.43,9.724893569946289
10.8,3.266904830932617
15.05,5.498924255371094
11.36,1.6117267608642578
8.69,0.1440753936767578
12.27,6.675445556640625
8.15,1.2046241760253906
7.16,3.4443130493164062
10.02,5.091859817504883
12.04,1.1921825408935547
9.77,1.9913082122802734
10.41,5.371538162231445
9.29,5.139713287353516
8.75,5.938850402832031
10.7,1.5177841186523438
6.88,2.932497024536133
14.25,2.381519317626953
10.42,5.33958625793457
11.61,3.108154296875
8.85,10.760221481323242
15.42,1.0986289978027344
9.76,2.2054061889648438
10.38,0.23418045043945312
10.63,1.4646453857421875
10.7,4.1392364501953125
11.88,8.014862060546875
9.06,3.770488739013672
10.03,4.378866195678711
11.53,1.466787338256836
10.84,7.133459091186523
10.64,4.199108123779297
8.44,9.071954727172852
10.82,0.5280380249023438
11.58,5.304450988769531
11.57,7.081947326660156
11.9,3.5426063537597656
10.54,4.190042495727539
9.84,10.516592025756836
10.77,1.3007965087890625
11.61,0.3013343811035156
11.28,2.6984004974365234
10.3,0.8155288696289062
10.37,0.32304954528808594
10.29,0.439300537109375
12.45,1.0964088439941406
10.0,0.16739845275878906
11.82,0.3520050048828125
10.12,1.8387680053710938
11.07,0.8031425476074219
11.96,3.4522171020507812
10.32,5.608249664306641
10.3,2.304759979248047
14.81,11.506149291992188
10.44,0.41695404052734375
8.1,0.8911647796630859
12.67,10.089031219482422
9.22,8.969642639160156
8.27,0.1606903076171875
11.76,0.46898460388183594
11.65,2.7094802856445312
11.12,2.025653839111328
11.98,0.7342891693115234
12.17,6.214496612548828
10.91,0.5223770141601562
10.3,8.29084587097168
8.46,4.825504302978516
10.09,1.1230354309082031
6.22,6.394954681396484
6.93,4.373444557189941
10.39,0.30051231384277344
11.77,0.7188320159912109
10.59,6.010976791381836
6.57,4.463350296020508
8.83,3.4176836013793945
10.75,1.7372112274169922
9.95,3.1089553833007812
11.93,1.9815711975097656
10.94,2.222623825073242
8.3,1.1139945983886719
10.39,3.2949085235595703
10.54,1.5705280303955078
9.24,5.60627555847168
6.48,0.8265032768249512
11.39,0.8326530456542969
12.21,2.300243377685547
9.47,8.531709671020508
10.2,5.546598434448242
10.8,9.316246032714844
10.4,0.43227386474609375
10.12,4.213207244873047
11.96,3.362010955810547
12.44,0.36220550537109375
10.56,6.205883026123047
10.4,1.8127937316894531
10.76,6.385839462280273
9.37,4.043527603149414
11.28,3.45489501953125
13.24,3.211851119995117
10.44,1.3302745819091797
6.91,7.051266193389893
11.86,8.038341522216797
9.68,3.320943832397461
14.51,3.642772674560547
3.91,2.589083194732666
11.68,4.6067047119140625
11.2,0.7756595611572266
9.66,2.433300018310547
11.62,0.5874042510986328
6.93,2.9649858474731445
10.23,2.938016891479492
11.66,1.5964393615722656
10.12,11.459024429321289
10.24,2.4376449584960938
10.61,2.4948348999023438
10.66,1.0022125244140625
7.39,5.976073741912842
11.96,5.669219970703125
9.0,4.712381362915039
10.55,0.3974037170410156
6.57,2.369260311126709
10.58,3.0502853393554688
9.34,6.858592987060547
15.26,6.201436996459961
10.61,0.03206062316894531
8.59,4.887735366821289
10.79,5.214990615844727
11.68,1.2417640686035156
14.13,0.3613548278808594
11.3,1.0725746154785156
8.13,4.871068954467773
8.01,2.5377979278564453
11.1,1.6920318603515625
10.22,0.29006004333496094
14.67,11.003030776977539
12.19,2.031475067138672
13.45,4.063350677490234
14.4,12.116828918457031
12.82,2.7313880920410156
11.87,7.933208465576172
10.19,1.0903854370117188
10.87,1.7345447540283203
9.39,9.077337265014648
12.89,2.0806655883789062
11.54,2.5894241333007812
9.99,3.1102352142333984
10.96,0.4785270690917969
9.64,8.88322639465332
9.85,8.677497863769531
10.84,4.780946731567383
9.93,1.8250751495361328
8.33,5.655092239379883
13.59,0.035472869873046875
7.06,3.2999277114868164
8.42,1.4229202270507812
9.92,4.220647811889648
10.87,5.619626045227051
9.76,0.022731781005859375
11.25,1.7246379852294922
10.31,7.0645904541015625
9.3,8.826471328735352
13.82,2.977672576904297
10.49,5.31727409362793
12.99,1.604766845703125
10.02,1.539642333984375
12.05,4.184408187866211
11.62,3.592702865600586
11.15,2.650238037109375
11.18,7.032869338989258
10.51,9.35291862487793
8.0,2.712116241455078
10.54,1.5265922546386719
8.75,3.3933544158935547
9.35,5.561130523681641
9.19,3.1727752685546875
11.29,3.7662181854248047
8.69,5.79145622253418
13.7,3.549327850341797
10.39,1.8646659851074219
12.6,1.6505966186523438
11.21,6.178197860717773
6.9,1.6329727172851562
7.75,3.886333465576172
10.99,6.328035354614258
11.62,6.04193115234375
11.59,3.2143726348876953
9.79,7.744741439819336
11.93,0.29441070556640625
9.58,9.466804504394531
12.01,6.192474365234375
10.91,14.670684814453125
10.09,6.478429794311523
10.19,2.603271484375
11.49,3.5871810913085938
9.75,9.487998962402344
10.72,9.656694412231445
9.82,4.140886306762695
7.27,3.6734628677368164
11.02,6.655607223510742
10.01,1.6263446807861328
10.63,2.124114990234375
11.7,0.8042373657226562
6.77,5.15113639831543
9.59,6.397083282470703
13.9,1.9544258117675781
11.44,0.8797149658203125
11.65,3.432607650756836
11.34,3.780231475830078
7.11,3.0357093811035156
10.75,0.3414497375488281
8.98,8.074068069458008
14.29,4.221916198730469
0.64,4.925761699676514
9.27,2.604928970336914
11.17,0.385894775390625
12.73,0.3373527526855469
13.14,0.14623451232910156
10.56,7.359743118286133
10.48,4.629276275634766
14.69,11.320089340209961
8.66,3.073057174682617
12.12,0.814056396484375
10.33,22.663002014160156
9.99,3.933176040649414
13.06,3.1956233978271484
10.8,0.69964599609375
8.24,8.672119140625
11.51,3.266389846801758
11.68,5.568246841430664
8.68,3.8294143676757812
6.32,1.6182866096496582
6.45,4.5945353507995605
10.23,3.967905044555664
10.84,0.3202781677246094
6.67,4.402498245239258
4.65,10.157896041870117
12.07,5.530397415161133
12.05,1.5592308044433594
14.06,0.22006607055664062
6.18,2.079089879989624
10.84,3.298797607421875
11.83,3.6667957305908203
10.66,23.133193969726562
11.5,4.114179611206055
14.85,6.186012268066406
8.0,0.9475269317626953
10.86,1.6627273559570312
10.75,9.615629196166992
0.45,3.336455821990967
12.35,0.5400524139404297
10.34,2.1262474060058594
9.5,1.9708747863769531
10.3,8.10561752319336
10.22,0.4785804748535156
11.79,2.3295555114746094
10.92,0.10723876953125
10.16,12.773754119873047
11.38,4.054725646972656
10.28,4.505022048950195
13.71,2.5347557067871094
10.53,0.9663715362548828
13.52,2.6127243041992188
9.89,0.9955501556396484
10.72,3.173124313354492
9.43,14.927173614501953
9.65,6.791534423828125
11.0,2.669963836669922
10.1,3.015636444091797
13.62,0.540130615234375
11.86,2.6766529083251953
10.87,0.9114151000976562
10.86,0.8086051940917969
10.5,2.787525177001953
11.68,7.6077117919921875
11.52,3.5941009521484375
10.56,5.543766021728516
11.38,1.6737995147705078
14.76,2.2907562255859375
10.5,9.499549865722656
12.33,8.51078987121582
10.3,1.4020709991455078
10.48,2.806917190551758
13.05,4.653959274291992
9.43,5.871238708496094
15.12,7.052223205566406
12.22,2.966289520263672
6.95,3.5906004905700684
10.66,1.1711559295654297
10.44,0.3816032409667969
7.51,7.226720333099365
13.76,2.442829132080078
8.22,1.9436168670654297
10.91,0.8912315368652344
12.15,1.1927127838134766
10.15,2.3281593322753906
10.83,3.2145729064941406
10.58,8.38180160522461
9.32,7.332912445068359
6.93,2.9741411209106445
13.26,14.076128005981445
9.14,4.2547149658203125
7.99,2.6926441192626953
8.46,4.880992889404297
10.7,8.177764892578125
8.99,11.22663688659668
0.85,1.8898382186889648
11.77,0.02475738525390625
6.96,2.3632068634033203
10.69,0.9830322265625
7.59,1.3326568603515625
9.66,1.2356624603271484
11.82,6.053127288818359
10.53,5.41876220703125
11.43,17.044754028320312
9.66,4.415447235107422
13.24,1.9449272155761719
11.24,2.404111862182617
10.75,6.536092758178711
0.65,5.656145095825195
10.56,6.576026916503906
9.24,3.9493446350097656
11.55,1.4030570983886719
7.84,5.565376281738281
7.39,5.454139709472656
10.94,0.6941318511962891
11.25,8.485475540161133
10.5,0.22768592834472656
9.83,8.234235763549805
7.49,4.61821174621582
7.4,5.905887126922607
11.65,3.575716018676758
10.81,0.8920001983642578
7.12,3.825298309326172
9.4,8.010675430297852
13.6,2.6284103393554688
10.13,6.51685905456543
8.37,1.4643573760986328
10.57,7.165163040161133
10.28,5.011262893676758
11.36,1.0176200866699219
10.4,4.627353668212891
6.93,5.116382122039795
11.78,4.216941833496094
11.38,3.9000091552734375
10.64,2.6444129943847656
10.72,1.1039924621582031
11.55,2.410400390625
11.25,4.847110748291016
9.69,4.864263534545898
14.03,4.525140762329102
7.37,3.2310314178466797
11.3,0.2932777404785156
10.56,1.7926902770996094
10.56,11.542409896850586
10.67,3.0755157470703125
11.93,1.8493022918701172
10.3,6.666973114013672
9.89,0.9886493682861328
10.64,0.7409858703613281
10.17,1.0294723510742188
10.55,1.0252017974853516
11.73,1.4492530822753906
10.75,4.714250564575195
10.91,1.4008464813232422
11.83,4.027576446533203
12.32,4.493188858032227
9.86,11.767818450927734
7.52,6.623525619506836
10.28,2.3212528228759766
14.37,11.231342315673828
15.3,1.5617561340332031
11.07,6.599956512451172
9.9,2.0902233123779297
9.53,5.004985809326172
11.65,7.799928665161133
10.6,1.672907829284668
11.57,0.4738731384277344
9.66,6.681211471557617
11.37,0.9591293334960938
11.56,1.6400032043457031
10.47,5.037378311157227
10.63,2.275369644165039
11.79,2.7304763793945312
11.62,5.218732833862305
11.6,2.6079177856445312
6.43,1.3940300941467285
10.66,8.164791107177734
8.79,3.660207748413086
12.36,3.3642921447753906
10.27,5.466461181640625
11.67,1.1406326293945312
11.82,6.558830261230469
7.02,4.329746246337891
11.36,5.447696685791016
10.47,5.008018493652344
11.99,0.13909530639648438
11.55,2.004802703857422
11.57,9.428974151611328
11.8,1.5194950103759766
11.95,3.472768783569336
11.48,3.5245323181152344
11.92,1.7423362731933594
12.53,8.59817886352539
10.45,10.122276306152344
13.73,4.115741729736328
12.12,1.8121910095214844
10.74,13.268360137939453
11.0,5.269401550292969
12.92,1.7211418151855469
11.42,1.2587299346923828
8.41,0.47272682189941406
11.27,2.745655059814453
9.99,1.3255424499511719
7.15,4.948800086975098
9.93,4.384904861450195
10.23,2.5516510009765625
11.22,17.217376708984375
8.34,2.2197837829589844
11.66,1.0828685760498047
8.22,0.9802227020263672
6.15,3.3911185264587402
8.67,3.8154525756835938
11.16,3.0126724243164062
10.84,4.382942199707031
10.48,11.942071914672852
11.92,5.602264404296875
9.93,0.7949600219726562
12.24,7.783878326416016
7.67,3.700850486755371
12.83,1.5261516571044922
8.53,3.6945953369140625
11.02,8.445491790771484
14.83,10.23581314086914
10.58,4.092800140380859
12.81,1.5311870574951172
9.71,6.861171722412109
12.44,0.8635025024414062
11.82,2.6681652069091797
8.74,4.905096054077148
11.79,1.5259952545166016
0.74,5.942957878112793
12.67,2.1076412200927734
10.95,2.1078357696533203
11.57,1.5505409240722656
13.64,0.8114814758300781
10.57,4.844274520874023
11.37,1.536224365234375
10.5,0.5630416870117188
12.02,5.302213668823242
11.04,3.955821990966797
10.49,2.4647388458251953
14.49,0.028072357177734375
11.04,4.847221374511719
9.74,1.30865478515625
11.45,1.7757377624511719
9.83,1.7179927825927734
11.92,0.1699504852294922
0.39,2.564110517501831
0.66,3.8749887943267822
8.39,1.317220687866211
9.9,6.6715545654296875
11.92,2.0920886993408203
10.75,0.3731536865234375
11.33,6.7478179931640625
14.6,9.479232788085938
11.32,0.9313850402832031
11.56,6.158016204833984
9.47,14.220623016357422
9.37,0.20012855529785156
10.85,1.5442543029785156
10.21,6.743114471435547
11.53,10.176403045654297
13.94,6.466859817504883
10.71,2.4246749877929688
10.44,0.04718971252441406
13.76,8.856864929199219
11.07,7.54315185546875
10.83,2.7602691650390625
10.17,6.934122085571289
11.93,5.032764434814453
11.63,3.0197982788085938
13.11,3.108278274536133
10.64,1.627166748046875
10.23,10.536043167114258
10.22,2.3006744384765625
6.73,1.9589853286743164
8.4,0.09322929382324219
6.22,1.748072624206543
0.51,5.369924545288086
10.39,8.421798706054688
11.96,7.119752883911133
10.29,4.404985427856445
7.1,3.0877418518066406
4.89,6.134761810302734
10.88,3.2592010498046875
14.85,11.24354362487793
11.71,6.368894577026367
10.77,2.9055709838867188
11.57,0.405242919921875
12.02,5.853567123413086
10.65,2.3938026428222656
10.92,0.006275177001953125
11.02,0.9627361297607422
10.57,5.261510848999023
10.1,4.137149810791016
10.74,3.2460079193115234
10.4,0.4020233154296875
12.11,7.889738082885742
9.23,7.933261871337891
9.63,3.5168380737304688
9.39,9.80948257446289
11.63,4.933174133300781
9.33,3.8870067596435547
6.99,4.771992206573486
11.39,1.7275753021240234
10.71,2.873737335205078
11.49,1.2821388244628906
10.81,3.194133758544922
8.67,5.391733169555664
10.92,2.0661182403564453
12.01,5.120473861694336
11.98,5.563316345214844
9.94,12.031755447387695
9.72,6.628957748413086
11.94,1.3922615051269531
10.44,8.754579544067383
10.37,4.55143928527832
10.79,4.404048919677734
8.52,1.2952613830566406
10.4,2.8588104248046875
14.4,6.574365615844727
8.86,4.9991912841796875
11.96,3.0686073303222656
0.64,4.236259937286377
10.24,0.6076793670654297
11.4,1.9633712768554688
9.68,0.8870334625244141
7.21,6.02798318862915
11.44,5.5719451904296875
0.52,3.1478681564331055
10.13,3.998208999633789
6.89,0.09539318084716797
8.22,1.3030128479003906
9.62,12.56767463684082
13.11,3.9089393615722656
11.55,1.0577716827392578
9.75,2.179515838623047
14.54,14.87537956237793
10.61,4.099079132080078
14.67,0.044246673583984375
14.78,3.9696216583251953
9.89,2.4402828216552734
10.49,8.938278198242188
10.17,3.700345993041992
12.14,6.751310348510742
10.55,1.0845756530761719
10.61,2.039012908935547
10.12,2.0054397583007812
8.65,1.1161365509033203
10.7,1.3923301696777344
10.52,0.9470596313476562
9.91,1.0145034790039062
10.7,0.6759452819824219
9.35,5.104930877685547
10.86,0.42018890380859375
11.83,3.0855770111083984
10.27,9.248197555541992
8.93,1.2660102844238281
12.05,5.209545135498047
10.19,2.6274242401123047
11.52,1.9298095703125
11.17,1.4999866485595703
11.46,2.2114524841308594
8.93,5.11683464050293
13.91,0.8025779724121094
10.99,2.7488746643066406
11.12,0.8802299499511719
9.31,8.599405288696289
10.33,5.602285385131836
13.01,0.6098442077636719
8.67,8.637079238891602
10.81,0.3868083953857422
11.68,6.383260726928711
11.1,11.29312515258789
7.39,5.743204116821289
10.11,1.8887443542480469
10.08,5.305013656616211
10.6,2.017993927001953
11.3,4.298698425292969
11.06,0.2440166473388672
0.68,2.1441211700439453
10.59,0.4673194885253906
11.37,0.15592193603515625
10.77,0.03409004211425781
11.11,4.08922004699707
7.56,5.845726013183594
10.15,12.715185165405273
12.12,4.993236541748047
6.52,0.7708683013916016
11.26,0.3890266418457031
10.16,1.7124652862548828
11.93,3.9766578674316406
11.44,1.5119247436523438
13.69,0.5332412719726562
10.72,4.858346939086914
11.61,21.49059295654297
11.35,3.8238353729248047
10.39,6.359485626220703
10.79,4.839374542236328
10.98,1.2448844909667969
11.98,2.3956336975097656
12.64,3.25689697265625
9.58,4.637964248657227
8.93,5.302583694458008
12.15,22.064260482788086
13.09,4.951587677001953
12.99,4.585903167724609
11.27,5.632896423339844
10.82,0.4044952392578125
11.73,2.411304473876953
10.14,1.5370941162109375
12.03,0.0065898895263671875
9.26,8.805350303649902
13.94,4.264675140380859
10.37,3.237447738647461
10.52,1.3818588256835938
14.92,9.901750564575195
10.26,4.985984802246094
8.63,1.80548095703125
10.23,5.115760803222656
11.72,2.101011276245117
8.91,5.16468620300293
11.97,1.701883316040039
12.24,8.051992416381836
11.71,3.5656661987304688
9.39,1.6583194732666016
8.47,1.252309799194336
13.77,1.3263015747070312
12.57,1.9314460754394531
13.14,0.9090385437011719
4.38,1.990225076675415
15.34,7.5966644287109375
11.77,2.4768104553222656
8.11,2.329854965209961
9.89,9.318136215209961
11.52,2.0874099731445312
8.68,5.266210556030273
10.99,0.4082069396972656
11.17,0.5779476165771484
7.97,0.18242835998535156
11.96,1.201040267944336
10.01,0.7601661682128906
8.56,4.217506408691406
15.31,6.406156539916992
10.09,2.903583526611328
7.12,4.2665696144104
10.36,0.20895767211914062
10.15,3.2765769958496094
10.49,5.3182373046875
15.3,5.948591232299805
10.01,1.649740219116211
10.11,1.2760982513427734
12.04,7.44312858581543
10.27,1.1170024871826172
14.38,2.8543949127197266
10.39,3.8778820037841797
9.63,2.809307098388672
9.17,1.15362548828125
11.19,8.135753631591797
8.54,0.9762115478515625
10.88,2.7667884826660156
8.25,2.9081039428710938
7.02,2.5452089309692383
11.77,1.4022274017333984
12.05,3.2077159881591797
10.66,5.052005767822266
9.68,1.738962173461914
10.87,8.242277145385742
7.99,4.768781661987305
6.57,3.651689052581787
10.85,7.9514923095703125
10.46,0.027570724487304688
10.91,8.174259185791016
13.38,15.26432991027832
9.78,7.14759635925293
11.01,1.389617919921875
11.07,3.854156494140625
12.1,6.359319686889648
10.08,1.872511863708496
12.18,9.954313278198242
10.26,0.7826747894287109
10.79,7.05763053894043
11.44,6.174236297607422
10.34,6.0458221435546875
10.89,8.424657821655273
8.44,1.9429407119750977
14.8,2.4027175903320312
11.81,2.476276397705078
9.69,3.9146575927734375
7.23,3.424729824066162
10.65,5.947734832763672
9.88,14.279460906982422
10.36,1.5043354034423828
10.61,4.878950119018555
9.31,1.8387413024902344
10.9,2.5395965576171875
8.48,11.599664688110352
11.47,4.229192733764648
12.27,2.327890396118164
10.49,2.6412887573242188
10.27,6.355966567993164
8.23,2.122471809387207
14.89,7.51569938659668
10.45,1.1026992797851562
8.59,3.3585872650146484
11.71,3.5185470581054688
10.99,7.384685516357422
13.4,2.1060714721679688
9.85,7.157079696655273
10.81,1.5630569458007812
10.63,1.5785064697265625
8.6,3.792926788330078
9.52,4.289907455444336
8.69,3.8600196838378906
9.94,9.022624969482422
6.04,6.997457504272461
10.29,9.82866096496582
10.69,3.9465465545654297
12.02,2.0601882934570312
10.72,1.7624969482421875
8.98,8.975610733032227
10.32,1.7154121398925781
11.43,3.8079605102539062
6.66,4.2219696044921875
12.77,16.61769676208496
10.22,2.3186988830566406
10.75,14.922645568847656
13.21,5.140415191650391
12.05,1.1201210021972656
8.53,0.13832664489746094
9.91,0.20467758178710938
11.5,2.949769973754883
9.59,9.50263786315918
9.86,1.828592300415039
8.3,10.355506896972656
9.84,0.23402023315429688
10.91,1.9253520965576172
11.87,1.7403011322021484
10.35,10.354391098022461
10.36,1.7711639404296875
11.05,0.8162879943847656
12.22,1.1942005157470703
11.99,2.1212120056152344
9.88,3.1175975799560547
11.68,2.7555274963378906
10.15,10.282377243041992
10.15,2.4323673248291016
10.44,2.849123001098633
7.0,5.378826141357422
10.83,7.883016586303711
6.7,3.7134413719177246
14.14,1.4816703796386719
13.78,1.1413154602050781
13.58,1.9113807678222656
10.64,4.1763458251953125
13.51,0.006870269775390625
12.06,2.6795291900634766
9.92,11.849405288696289
10.53,2.7128372192382812
6.53,1.695451259613037
0.7,3.93491268157959
0.61,3.927464723587036
14.18,4.496379852294922
8.49,2.3472862243652344
11.65,1.3753776550292969
11.41,15.977645874023438
8.37,5.516412734985352
7.86,1.9234886169433594
13.4,0.9263229370117188
12.02,6.073896408081055
10.41,3.744295120239258
11.62,3.3077449798583984
11.06,0.21608734130859375
11.84,0.8152084350585938
10.4,8.053792953491211
10.61,2.341960906982422
7.97,3.5563888549804688
10.55,10.848978042602539
12.07,0.33728981018066406
10.43,2.096607208251953
7.91,1.6644620895385742
10.29,0.8647880554199219
12.31,9.251941680908203
11.94,3.6997013092041016
13.23,3.924663543701172
10.86,2.6147823333740234
8.84,5.403369903564453
9.27,6.85626220703125
10.11,0.6909675598144531
10.88,9.370384216308594
11.67,4.751583099365234
13.13,1.1110076904296875
7.15,1.9472980499267578
10.41,6.752653121948242
12.06,4.409248352050781
9.71,3.212900161743164
10.68,15.190231323242188
9.15,7.713644027709961
10.61,2.3524703979492188
10.52,0.06253433227539062
9.8,8.817392349243164
10.14,2.787982940673828
10.29,4.446237564086914
10.81,1.7341117858886719
10.46,0.3431549072265625
13.54,4.003513336181641
10.31,1.029510498046875
13.53,0.6903190612792969
10.48,3.6582908630371094
10.73,1.6018753051757812
8.66,2.6773529052734375
10.05,5.189949035644531
11.39,1.7248611450195312
11.86,0.12104034423828125
7.81,4.476688385009766
10.64,7.166889190673828
9.29,5.273420333862305
10.8,0.7116851806640625
10.14,0.5932159423828125
11.7,4.690011978149414
7.97,2.2963504791259766
14.39,5.490495681762695
12.05,4.749126434326172
12.19,2.0379371643066406
8.44,2.5232009887695312
10.18,0.2825489044189453
12.05,0.6657371520996094
11.14,8.140056610107422
14.94,4.496929168701172
10.5,4.723594665527344
7.01,4.619143009185791
11.9,18.811559677124023
10.82,0.19158172607421875
9.81,0.40460968017578125
11.61,2.3302249908447266
10.48,0.49686241149902344
11.46,1.2259178161621094
8.88,2.2711257934570312
10.29,3.1057090759277344
10.32,2.3294525146484375
13.9,3.0600852966308594
11.49,8.59273910522461
11.77,2.9596118927001953
10.55,0.06367874145507812
11.19,1.8279552459716797
10.05,2.6569595336914062
6.97,4.768489360809326
10.36,0.7494964599609375
10.95,7.822122573852539
11.77,0.6544570922851562
10.03,0.5739612579345703
12.21,3.5006637573242188
11.43,1.1619148254394531
9.74,4.8190155029296875
7.02,2.010983943939209
10.45,0.9599838256835938
10.4,1.95703125
11.38,10.198808670043945
10.23,9.96876335144043
11.14,4.584505081176758
10.7,5.524359703063965
8.69,13.074209213256836
8.61,4.287109375
11.61,3.4547557830810547
9.96,8.44343376159668
12.03,2.1113319396972656
11.03,22.49139404296875
7.18,5.328546047210693
11.64,0.7016258239746094
11.87,4.901590347290039
13.84,1.607583999633789
14.13,2.072681427001953
10.33,4.009477615356445
12.24,5.475484848022461
10.02,2.7922439575195312
11.02,1.2613945007324219
10.92,3.5348873138427734
9.88,9.184999465942383
7.22,2.6043262481689453
10.37,3.325960159301758
11.87,1.0272598266601562
9.94,2.9794769287109375
12.67,4.152324676513672
0.7,2.280057430267334
6.98,3.818124294281006
14.55,4.210422515869141
7.31,1.2247228622436523
10.85,0.220855712890625
10.01,2.678478240966797
10.76,0.8545207977294922
10.16,0.4385099411010742
6.83,2.947421073913574
12.56,1.4347782135009766
10.7,1.1094017028808594
10.23,3.892730712890625
11.76,4.617923736572266
10.84,1.0249156951904297
9.6,3.8705101013183594
9.8,2.93975830078125
9.1,0.16355323791503906
0.8,4.484584331512451
9.76,15.489446640014648
0.94,4.167985916137695
13.0,3.3898582458496094
12.17,1.0750999450683594
14.05,0.056453704833984375
11.09,0.31757164001464844
10.96,3.7183456420898438
8.78,9.801475524902344
10.76,0.027935028076171875
0.52,2.5068306922912598
10.13,4.868101119995117
12.89,2.9303245544433594
10.88,16.2017822265625
11.63,0.9712448120117188
6.65,0.4476194381713867
7.85,1.592534065246582
10.73,1.0601768493652344
10.83,2.066061019897461
8.91,13.67717170715332
10.12,1.2740650177001953
7.77,1.2815227508544922
13.42,5.795192718505859
10.03,10.075063705444336
11.36,3.4149322509765625
10.29,3.859546661376953
9.21,0.5836677551269531
15.2,10.543195724487305
8.61,6.912031173706055
11.7,1.5047874450683594
8.53,3.339212417602539
12.08,5.341733932495117
11.63,10.153499603271484
8.21,3.0142345428466797
8.53,9.21953010559082
12.6,1.7048988342285156
9.39,11.309349060058594
10.47,4.1112213134765625
10.93,4.726795196533203
10.21,0.6595649719238281
11.7,7.682489395141602
9.92,5.225360870361328
10.34,3.3600006103515625
7.42,0.7045936584472656
10.3,0.987823486328125
14.73,4.910335540771484
11.93,3.269237518310547
11.41,1.1076927185058594
12.14,0.5497379302978516
10.23,2.2138614654541016
6.75,2.074544906616211
14.78,10.04754638671875
10.5,0.6085166931152344
10.71,0.8316669464111328
9.9,0.4464702606201172
8.01,3.684934616088867
7.22,5.1521315574646
10.69,4.829647064208984
10.77,3.5302352905273438
14.03,6.578033447265625
9.91,3.9308395385742188
10.69,3.467081069946289
10.01,3.2107372283935547
0.67,5.2401275634765625
10.89,1.9902992248535156
11.87,3.3305740356445312
1.58,4.306526184082031
11.99,5.2711639404296875
10.16,7.653175354003906
11.48,7.7330474853515625
10.23,5.881874084472656
11.52,3.8420944213867188
9.83,11.794200897216797
10.08,1.8978042602539062
6.43,2.868414878845215
10.22,5.928642272949219
10.52,3.7896804809570312
13.1,3.4413833618164062
14.5,7.911342620849609
14.77,10.39218521118164
10.29,0.579071044921875
10.7,0.27882957458496094
11.79,2.7456607818603516
10.2,0.552703857421875
7.06,5.844455718994141
13.38,1.415994644165039
8.18,3.705707550048828
10.52,7.947898864746094
10.3,10.813934326171875
9.73,0.2305278778076172
11.9,3.4176673889160156
13.47,3.567302703857422
14.67,0.846038818359375
9.03,6.4233551025390625
12.01,1.2150077819824219
10.28,3.3603668212890625
10.4,5.6985578536987305
12.42,1.176736831665039
9.89,5.318115234375
11.37,5.60072135925293
13.76,0.9174041748046875
10.47,5.154211044311523
11.83,4.252956390380859
14.87,10.608514785766602
13.39,3.0832786560058594
10.43,0.09896087646484375
13.84,0.9411582946777344
8.75,0.3487682342529297
14.47,2.8199806213378906
7.88,13.564712524414062
11.2,0.8205604553222656
11.46,5.490322113037109
10.3,3.4686851501464844
14.88,9.673370361328125
0.55,5.017364978790283
10.34,0.8646125793457031
10.61,0.6514701843261719
9.97,4.776630401611328
13.83,0.4728202819824219
9.77,9.313249588012695
10.12,3.9125823974609375
8.67,3.7669944763183594
10.37,2.5101280212402344
7.02,5.018874645233154
10.1,5.070452690124512
12.24,2.5779571533203125
13.44,6.07183837890625
9.58,7.997615814208984
10.28,4.281526565551758
8.55,6.352960586547852
10.77,2.5776519775390625
15.22,5.828622817993164
10.45,0.08940505981445312
11.77,2.377544403076172
13.03,3.879283905029297
9.87,0.3383197784423828
13.37,2.3045692443847656
10.35,0.4162750244140625
1.6,2.8833847045898438
13.85,0.2123260498046875
10.78,6.000389099121094
9.03,6.716911315917969
9.65,0.20914077758789062
12.0,5.081579208374023
9.38,7.144243240356445
11.75,2.3891029357910156
10.16,3.353574752807617
11.45,6.41777229309082
13.72,6.322479248046875
13.59,1.9342155456542969
11.46,1.0584526062011719
10.55,2.362415313720703
11.53,2.710458755493164
8.59,3.138045310974121
7.08,2.530099868774414
10.91,8.56782341003418
10.76,1.1414051055908203
9.41,8.422571182250977
10.32,3.0524425506591797
7.0,2.3034849166870117
10.72,1.1782112121582031
13.75,6.087080001831055
9.02,5.870594024658203
9.61,1.6948356628417969
11.53,2.5799293518066406
10.74,4.529682159423828
10.11,6.792808532714844
9.89,7.448314666748047
10.92,0.6405296325683594
8.83,0.32932090759277344
8.79,4.588268280029297
10.9,0.4393653869628906
10.43,3.756175994873047
11.23,2.1211776733398438
10.25,1.9781551361083984
10.22,2.0843944549560547
9.55,0.7045860290527344
10.95,1.8673019409179688
14.36,5.737705230712891
10.38,5.294370651245117
11.38,2.5404434204101562
14.21,9.428600311279297
8.86,3.9936561584472656
11.64,0.11532211303710938
11.84,5.350946426391602
1.05,1.6301507949829102
11.99,3.7701759338378906
15.24,10.481868743896484
12.14,6.041284561157227
12.3,5.290493011474609
6.62,0.5710735321044922
10.58,3.0610122680664062
9.98,10.32307243347168
11.9,3.385354995727539
10.42,3.1303768157958984
10.58,0.9977684020996094
7.22,5.605253219604492
12.25,1.2822895050048828
9.69,4.424308776855469
12.09,11.49666976928711
10.76,0.4680442810058594
11.95,4.390409469604492
11.68,3.5154056549072266
7.04,2.1942758560180664
11.91,3.377178192138672
9.63,0.14670372009277344
11.99,15.861190795898438
9.06,8.184879302978516
11.41,12.72529411315918
10.3,0.8308296203613281
10.12,0.4660224914550781
10.69,5.475444793701172
11.12,3.206045150756836
10.0,2.2109851837158203
9.76,0.33383941650390625
10.99,4.528860092163086
12.86,0.3967704772949219
10.62,1.8329963684082031
11.46,2.262256622314453
11.29,0.15820693969726562
10.81,12.692548751831055
10.66,1.3094482421875
12.1,7.504695892333984
10.6,0.7806053161621094
10.12,0.41637611389160156
15.35,7.079008102416992
10.23,3.0730342864990234
10.06,0.7606906890869141
10.8,2.349519729614258
11.77,0.14018630981445312
14.65,1.6632347106933594
0.69,2.2999343872070312
11.68,7.4972381591796875
13.78,2.0543251037597656
13.3,6.700183868408203
10.87,6.153345108032227
10.64,4.5348052978515625
11.42,1.3093795776367188
10.3,1.9392108917236328
12.34,6.541589736938477
10.39,2.5345325469970703
10.62,5.487361907958984
10.83,11.056018829345703
10.19,1.672140121459961
12.28,3.904918670654297
6.65,3.861104965209961
10.44,8.610919952392578
8.07,0.8274517059326172
10.24,3.938192367553711
10.73,3.7349815368652344
11.45,0.6697940826416016
8.79,4.250999450683594
11.41,1.9752845764160156
10.69,2.202413558959961
14.92,9.610393524169922
6.95,4.08430290222168
10.44,0.6356277465820312
11.07,1.9381980895996094
10.17,1.8539772033691406
9.96,5.808923721313477
11.28,16.850481033325195
10.89,2.9897003173828125
10.59,22.684181213378906
9.84,1.1160221099853516
10.8,8.787565231323242
10.37,4.349430084228516
13.94,11.5589599609375
9.96,0.22135162353515625
13.33,3.6123008728027344
11.03,2.680265426635742
10.76,0.0053558349609375
10.87,3.008281707763672
10.41,2.158395767211914
14.82,2.140228271484375
11.67,7.7237396240234375
11.5,15.381429672241211
10.6,3.8638954162597656
12.0,0.5643539428710938
11.44,1.0002365112304688
11.02,6.17143440246582
12.8,10.598363876342773
7.09,2.9917984008789062
12.58,3.6008052825927734
11.93,0.8461627960205078
10.03,0.7744865417480469
7.34,0.5630855560302734
9.01,4.914224624633789
10.76,1.182342529296875
10.6,8.607593536376953
10.32,0.9586029052734375
10.49,0.9396896362304688
11.2,0.9759941101074219
10.99,0.2983207702636719
10.36,3.5201950073242188
11.86,4.433168411254883
14.95,5.675441741943359
9.82,3.4469566345214844
10.41,0.8855571746826172
9.94,1.2465858459472656
11.08,5.030536651611328
10.23,6.074230194091797
13.03,6.688514709472656
7.14,6.016277313232422
10.49,3.390583038330078
9.74,4.593866348266602
10.49,1.5011940002441406
11.32,4.607263565063477
10.13,8.832304000854492
9.47,6.319826126098633
11.49,0.1399555206298828
10.48,2.1832637786865234
10.67,1.9907722473144531
3.29,5.260589599609375
8.56,4.106433868408203
0.73,4.8646321296691895
12.01,3.0156307220458984
9.29,3.870086669921875
6.83,5.034938812255859
10.06,6.558032989501953
10.29,4.914398193359375
10.27,1.2943973541259766
10.6,3.7391815185546875
11.13,8.044610977172852
11.81,2.6854991912841797
10.67,2.6261520385742188
11.02,0.035205841064453125
11.21,2.398815155029297
10.62,5.732208251953125
14.77,6.8329620361328125
11.67,4.821502685546875
13.21,3.18829345703125
6.17,2.1511707305908203
8.73,7.071201324462891
13.94,0.5747528076171875
12.51,1.1547126770019531
13.34,5.845653533935547
11.13,2.4482994079589844
11.27,6.760194778442383
10.67,3.761615753173828
11.03,8.62613296508789
11.59,4.390201568603516
13.44,2.9216060638427734
9.79,7.66026496887207
11.97,2.055421829223633
10.12,4.006425857543945
14.09,5.846822738647461
11.67,15.05319595336914
9.87,3.221405029296875
11.5,0.4668426513671875
9.98,8.596818923950195
9.84,1.1225452423095703
1.43,3.451172351837158
10.14,11.305818557739258
10.86,0.8653221130371094
13.64,0.10462570190429688
8.2,3.2323436737060547
12.34,2.592235565185547
0.61,2.7266972064971924
10.39,3.8627357482910156
10.72,4.893022537231445
10.39,1.5845661163330078
12.19,2.1347274780273438
7.26,5.156125545501709
15.11,2.284893035888672
9.85,4.284465789794922
10.35,3.960216522216797
10.58,2.593904495239258
11.67,3.0627288818359375
10.57,1.6946258544921875
11.54,6.798181533813477
8.54,3.568094253540039
11.82,1.5193595886230469
12.79,1.4023113250732422
7.06,6.402719020843506
10.38,4.932430267333984
10.33,3.8946762084960938
13.79,6.0601043701171875
8.65,13.330270767211914
13.52,1.7297401428222656
10.52,4.129772186279297
7.19,5.025579452514648
14.03,5.327058792114258
7.89,4.390947341918945
10.55,0.19140625
11.28,10.037731170654297
10.95,1.1378974914550781
9.3,7.624738693237305
10.7,1.0952129364013672
10.44,2.3777313232421875
11.31,0.704620361328125
10.94,3.777658462524414
15.26,1.5113792419433594
11.99,6.7947998046875
10.3,1.2001800537109375
8.94,6.790082931518555
10.17,6.392734527587891
10.46,3.7380409240722656
13.66,0.7178115844726562
9.6,15.43133544921875
7.78,3.3407554626464844
10.79,0.20166778564453125
13.84,0.08017349243164062
11.42,5.060579299926758
14.87,11.364831924438477
13.11,0.33873748779296875
11.83,3.4116764068603516
11.66,0.4757843017578125
8.59,5.118474960327148
8.75,7.693887710571289
9.53,17.904586791992188
11.73,5.412248611450195
12.75,4.429193496704102
8.59,7.100299835205078
9.56,12.870746612548828
11.42,2.609661102294922
14.32,3.029735565185547
10.5,0.6414642333984375
10.36,3.2303390502929688
10.25,0.7706489562988281
12.99,2.253284454345703
11.4,4.692304611206055
10.4,7.608608245849609
10.92,4.981117248535156
9.25,1.0296707153320312
10.76,2.0752182006835938
11.65,0.2490711212158203
11.47,1.2222137451171875
11.13,1.1539993286132812
11.12,1.9752235412597656
10.84,6.079570770263672
6.7,0.5605134963989258
8.49,2.9573211669921875
13.09,7.592363357543945
10.76,0.5390872955322266
7.0,6.6266913414001465
10.19,2.2489547729492188
10.44,5.159902572631836
8.75,3.801593780517578
6.8,1.4664511680603027
10.46,0.06733322143554688
9.56,3.6672325134277344
9.73,4.480159759521484
9.84,3.946514129638672
10.48,2.878786087036133
11.11,0.4928741455078125
8.89,6.786388397216797
9.97,16.024255752563477
8.6,1.9158973693847656
10.53,1.3648033142089844
10.61,5.4594316482543945
7.6,5.49415397644043
8.68,9.55401611328125
11.39,5.056415557861328
11.83,5.970727920532227
8.69,2.8829498291015625
10.44,1.9839935302734375
10.28,4.908754348754883
11.83,0.6614818572998047
6.89,6.0163092613220215
11.17,0.5929412841796875
10.29,6.248256683349609
10.95,5.057395935058594
10.29,0.1532745361328125
11.09,0.9569625854492188
11.39,3.044626235961914
6.85,1.3344011306762695
6.91,3.7421960830688477
9.78,8.366767883300781
14.74,6.8346405029296875
13.93,0.31826019287109375
14.4,3.2243804931640625
10.97,0.6764450073242188
11.26,16.35309600830078
10.42,0.8910980224609375
10.39,1.366455078125
10.59,3.0856552124023438
9.95,2.034669876098633
13.65,3.8567848205566406
10.26,2.7110538482666016
11.64,0.5419864654541016
10.3,4.113990783691406
9.6,7.027362823486328
12.06,0.33132171630859375
10.19,9.23948860168457
9.84,3.799152374267578
10.57,9.631298065185547
11.85,3.561878204345703
12.5,4.746334075927734
11.64,3.55767822265625
9.73,1.2553081512451172
11.48,5.5751495361328125
9.94,7.985008239746094
10.76,9.992975234985352
6.69,0.24213075637817383
10.11,4.117002487182617
11.17,2.509197235107422
11.86,14.693933486938477
12.21,1.3082084655761719
12.31,1.1290664672851562
9.64,12.581705093383789
11.63,3.1300315856933594
10.9,4.465368270874023
11.36,1.6901626586914062
10.47,0.2028656005859375
10.35,4.376323699951172
10.56,4.515491485595703
10.3,2.340822219848633
9.07,0.3092308044433594
10.75,0.07900047302246094
10.29,6.700656890869141
6.44,0.37479305267333984
11.96,1.3360404968261719
7.27,5.7530293464660645
8.43,0.6204433441162109
9.0,8.182849884033203
11.74,0.09827423095703125
12.07,4.044849395751953
10.35,2.588125228881836
7.05,7.483872890472412
11.38,0.08481216430664062
10.43,1.7967967987060547
10.24,10.37017822265625
12.63,2.154815673828125
10.59,10.184366226196289
9.98,1.4298210144042969
14.88,10.495798110961914
14.5,5.8070831298828125
10.89,3.0721435546875
10.56,10.987638473510742
10.7,3.0999584197998047
0.63,2.67240047454834
8.66,6.52886962890625
9.98,2.230447769165039
10.63,4.600469589233398
11.88,0.24693679809570312
6.7,0.5396337509155273
9.63,0.17970848083496094
10.83,3.584453582763672
10.19,6.72509765625
11.63,14.530136108398438
12.06,0.3693809509277344
13.44,0.850006103515625
11.34,9.075786590576172
10.79,4.297819137573242
8.51,1.9085865020751953
9.18,2.5514163970947266
12.06,2.4102401733398438
13.96,0.37340545654296875
12.81,7.303859710693359
8.56,2.5877952575683594
11.62,4.876413345336914
11.57,1.0452461242675781
13.94,5.918951034545898
14.76,6.692859649658203
10.99,0.25337982177734375
11.09,3.807453155517578
9.47,5.021465301513672
11.67,2.2720165252685547
10.3,3.900146484375
6.96,3.106978416442871
12.22,5.544097900390625
8.3,2.9713382720947266
10.81,0.019083023071289062
10.81,2.371013641357422
13.61,0.7899665832519531
11.53,1.7901897430419922
11.63,3.9644107818603516
10.59,4.651067733764648
9.7,0.053623199462890625
11.06,1.0589485168457031
10.97,4.6752777099609375
10.07,2.8103504180908203
10.75,5.31578254699707
9.7,0.0004405975341796875
14.8,5.8556671142578125
11.83,2.9114952087402344
10.27,3.6233158111572266
9.11,6.205539703369141
9.97,0.8096942901611328
8.46,4.147350311279297
11.0,8.657661437988281
14.58,4.872457504272461
14.55,7.018230438232422
11.87,5.636316299438477
10.46,8.543474197387695
10.06,14.578298568725586
8.03,2.2824878692626953
10.63,6.273786544799805
8.13,3.5743408203125
14.96,3.2262611389160156
9.73,4.255809783935547
11.44,0.770111083984375
10.49,0.0009365081787109375
6.97,5.493269920349121
11.61,0.3698921203613281
10.66,5.835926055908203
12.38,4.039899826049805
7.32,3.9608049392700195
10.19,10.116765975952148
8.44,1.524637222290039
10.64,0.8739089965820312
9.21,10.125043869018555
9.95,2.0043182373046875
10.26,4.106224060058594
13.87,9.507719039916992
9.78,0.8040199279785156
11.95,17.464801788330078
10.8,2.8512802124023438
14.68,11.615152359008789
10.2,2.233999252319336
11.81,2.8858776092529297
9.98,5.7819366455078125
11.39,8.861480712890625
10.82,0.21246719360351562
7.17,4.109950542449951
10.57,0.30135536193847656
11.09,1.5476188659667969
10.09,2.995647430419922
11.57,5.8262176513671875
10.84,7.670402526855469
10.67,4.435938835144043
11.4,0.9453639984130859
11.32,2.630704879760742
5.74,11.049689292907715
11.81,0.3897705078125
9.71,9.572467803955078
11.65,2.5897159576416016
12.14,0.23261260986328125
3.09,4.813571453094482
10.79,1.9277191162109375
12.69,16.62407112121582
6.93,4.899080276489258
10.17,1.338653564453125
9.83,1.6205253601074219
10.26,3.536252975463867
10.23,2.0644893646240234
10.77,7.865684509277344
6.38,1.5192289352416992
13.0,2.456439971923828
11.21,2.520387649536133
10.17,12.396749496459961
12.09,0.9140987396240234
10.5,3.1739273071289062
9.91,5.698436737060547
12.02,3.669818878173828
11.07,4.052713394165039
11.0,1.1858329772949219
12.15,2.90106201171875
11.38,0.8976097106933594
13.17,2.0247573852539062
11.03,3.7578792572021484
10.2,4.325767517089844
11.91,7.217069625854492
10.31,1.4173030853271484
10.54,0.814697265625
10.46,15.701669692993164
11.64,0.6166114807128906
8.27,0.12828445434570312
10.57,1.6221847534179688
10.54,2.0484256744384766
13.9,1.7124443054199219
10.12,3.2821388244628906
10.12,3.70751953125
11.61,1.6747016906738281
9.45,17.19744110107422
15.42,3.3646926879882812
10.28,8.591339111328125
11.51,7.024044036865234
12.32,0.43253326416015625
11.63,0.11498069763183594
10.58,2.744853973388672
8.83,0.5039844512939453
10.53,5.735254287719727
8.81,0.9526290893554688
11.67,7.1416015625
12.02,6.1145477294921875
15.16,2.732616424560547
11.4,13.817358016967773
11.63,2.3543453216552734
11.86,4.834188461303711
13.52,2.8141860961914062
10.14,4.59271240234375
12.43,2.907827377319336
9.99,0.20703887939453125
11.8,2.9290542602539062
15.01,9.132953643798828
10.78,2.889272689819336
10.93,10.40703010559082
15.0,0.2936134338378906
10.63,0.8949451446533203
8.24,2.279568672180176
13.52,1.3459587097167969
10.75,5.02117919921875
9.82,2.0963668823242188
11.85,3.2100677490234375
10.44,4.479368209838867
8.18,8.318134307861328
10.23,11.134824752807617
9.53,5.268749237060547
8.75,5.7528228759765625
11.22,1.6925010681152344
6.57,6.001871109008789
10.99,4.8650970458984375
7.08,5.065854549407959
7.02,3.3866171836853027
11.75,5.567218780517578
10.77,4.853113174438477
10.73,1.4744434356689453
10.03,0.4056568145751953
11.24,5.45067024230957
9.08,6.763233184814453
10.21,3.6785011291503906
12.03,3.145904541015625
9.33,7.243532180786133
13.99,2.451366424560547
13.81,1.5421600341796875
13.61,8.915292739868164
9.79,1.12982177734375
11.96,4.257114410400391
6.53,1.4061760902404785
12.02,15.728391647338867
7.03,3.516207218170166
11.77,1.9893436431884766
11.26,0.5497589111328125
11.89,2.6077041625976562
11.02,1.1328105926513672
10.97,0.5993270874023438
0.65,2.279491424560547
10.72,1.6390609741210938
9.45,6.246089935302734
11.34,15.885652542114258
11.66,1.0430831909179688
11.34,4.71925163269043
11.07,6.637485504150391
10.46,2.3766021728515625
8.53,0.030673980712890625
10.17,3.062589645385742
10.47,0.8335113525390625
11.61,4.552806854248047
11.38,0.8413658142089844
11.85,3.598846435546875
11.66,2.0119171142578125
7.19,4.336291313171387
10.33,7.785594940185547
11.98,4.49969482421875
11.76,4.004920959472656
10.45,0.4632701873779297
11.39,6.827653884887695
10.73,2.7843780517578125
10.74,7.072509765625
9.72,7.017736434936523
11.22,4.7662353515625
7.99,2.5157546997070312
6.99,2.201272964477539
11.36,6.296604156494141
10.68,0.9003620147705078
13.7,0.3997993469238281
8.92,5.845884323120117
13.82,0.849151611328125
11.77,5.07109260559082
8.27,4.648155212402344
10.9,1.866241455078125
11.19,2.427896499633789
14.28,3.503681182861328
0.75,4.165194511413574
9.76,1.768148422241211
10.69,2.1355438232421875
9.97,7.467170715332031
13.92,7.124887466430664
14.06,1.9549598693847656
10.76,0.5047092437744141
12.05,5.331317901611328
6.91,2.389798164367676
9.86,13.80441665649414
12.58,0.7477149963378906
8.6,8.317996978759766
8.71,9.663785934448242
10.56,8.09878158569336
11.15,3.421916961669922
9.96,1.1691093444824219
10.7,0.38889503479003906
9.99,1.3777599334716797
10.46,3.3791847229003906
8.93,0.9945640563964844
7.93,1.7998828887939453
11.72,0.6731033325195312
10.68,0.6028366088867188
10.68,21.22925567626953
10.95,0.6454448699951172
11.83,1.0303916931152344
10.46,0.6631126403808594
10.13,4.435493469238281
11.76,4.804309844970703
10.8,1.2229843139648438
11.33,2.188394546508789
10.34,4.255733489990234
10.58,7.326723098754883
11.38,2.9092159271240234
10.92,3.3191680908203125
13.76,2.9000720977783203
10.2,3.7194061279296875
10.66,1.1582012176513672
11.22,0.00109100341796875
11.56,6.094005584716797
0.68,5.282008171081543
11.95,5.7689208984375
11.39,6.068944931030273
11.81,1.0633583068847656
0.54,4.454565525054932
6.98,6.99037504196167
11.68,2.2915611267089844
11.62,5.268884658813477
10.37,4.047309875488281
9.5,3.275564193725586
10.61,1.46728515625
10.38,10.574522018432617
6.12,0.1041574478149414
6.99,2.369762420654297
11.05,6.320261001586914
11.8,0.24393272399902344
14.44,1.4043121337890625
11.36,12.02849006652832
12.48,3.2992095947265625
0.48,4.456799030303955
7.95,1.9948501586914062
11.69,5.397727966308594
6.41,0.8716883659362793
11.72,4.716175079345703
9.82,2.835489273071289
11.34,1.0477981567382812
10.36,1.2399368286132812
11.73,4.3628082275390625
11.11,6.423868179321289
11.53,4.481142044067383
10.27,3.2350692749023438
11.85,14.892217636108398
12.64,7.614320755004883
8.93,8.428287506103516
9.22,5.415721893310547
11.56,1.5390567779541016
11.28,9.510997772216797
12.48,4.741580963134766
6.8,5.580862522125244
10.63,3.1178932189941406
10.29,1.8943214416503906
10.11,2.9904003143310547
6.24,0.8691892623901367
10.01,3.068073272705078
6.64,8.005228042602539
8.62,3.8262710571289062
7.16,3.8465919494628906
11.12,0.03792381286621094
10.61,2.3432350158691406
10.12,8.725557327270508
10.47,4.785268783569336
10.25,8.916759490966797
12.35,2.392475128173828
10.37,0.23442459106445312
10.84,3.518281936645508
6.53,1.0860013961791992
9.77,3.9215526580810547
11.81,5.215066909790039
10.24,2.0159549713134766
10.18,6.896877288818359
14.28,0.24566268920898438
10.35,10.222005844116211
9.58,15.664323806762695
9.28,9.965778350830078
9.48,0.3800525665283203
11.7,2.4399948120117188
11.8,1.7596454620361328
11.54,0.9589462280273438
12.33,0.19791030883789062
0.72,4.676823616027832
11.63,14.938674926757812
13.18,2.7867469787597656
11.92,13.428970336914062
11.2,5.767278671264648
13.67,0.8742523193359375
10.74,2.8335132598876953
9.92,5.567655563354492
9.96,4.667194366455078
8.87,2.2501983642578125
11.97,2.3029422760009766
10.36,4.190761566162109
9.46,7.712148666381836
10.37,9.360834121704102
10.78,2.275836944580078
11.68,1.3278007507324219
10.78,0.37827301025390625
8.33,2.573314666748047
9.89,4.950827598571777
10.1,0.8304576873779297
11.41,1.3657417297363281
9.89,16.174474716186523
10.4,5.54560661315918
11.73,13.264141082763672
11.0,7.156023025512695
10.15,2.3116493225097656
14.42,6.435527801513672
10.32,20.62692642211914
13.93,0.36167144775390625
13.03,1.5456047058105469
12.03,0.32791709899902344
11.83,7.112760543823242
10.63,5.678770065307617
10.77,4.320690155029297
7.2,3.926285743713379
10.66,0.5771598815917969
9.11,8.427337646484375
9.65,4.165386199951172
12.13,5.938886642456055
15.65,1.3379020690917969
10.31,15.911684036254883
9.75,8.301116943359375
10.48,0.5003910064697266
7.17,6.352778911590576
11.34,1.9537544250488281
11.61,16.952617645263672
14.55,0.95172119140625
9.15,8.241157531738281
8.01,5.07061767578125
10.77,3.425039291381836
10.37,4.292318344116211
8.88,5.246519088745117
8.17,2.6609268188476562
12.2,6.161897659301758
10.02,4.265918731689453
8.58,4.311235427856445
9.54,2.3645477294921875
10.83,3.1317481994628906
9.96,0.4049701690673828
9.85,1.491708755493164
8.52,1.418802261352539
10.33,10.828495025634766
10.58,3.6908321380615234
12.04,1.2368240356445312
0.57,2.3856608867645264
11.03,0.670745849609375
11.96,4.872779846191406
12.36,1.8782768249511719
11.13,1.9202690124511719
11.04,4.0747833251953125
6.71,3.539788246154785
13.69,1.4048423767089844
9.96,1.7440776824951172
11.27,0.14731597900390625
9.99,2.0026473999023438
10.63,6.044458389282227
10.17,0.10054779052734375
9.6,8.072458267211914
10.35,9.620471954345703
12.69,10.258953094482422
11.71,5.345830917358398
12.06,0.4857139587402344
12.05,6.108409881591797
9.74,6.28057861328125
10.42,0.4766731262207031
10.58,1.8989887237548828
10.07,1.8458919525146484
11.33,3.2757949829101562
11.8,3.3099441528320312
12.09,3.7823104858398438
13.71,0.0811614990234375
10.7,0.7521400451660156
10.17,1.3540840148925781
9.33,3.179044723510742
11.63,1.0068836212158203
10.83,2.8849563598632812
12.29,5.62660026550293
11.82,4.061393737792969
11.45,2.3851470947265625
11.02,6.423854827880859
10.44,6.0274810791015625
10.73,3.796306610107422
9.1,9.34444808959961
11.95,6.192268371582031
10.61,5.1421051025390625
11.33,0.6411705017089844
10.05,0.6954689025878906
10.48,9.384418487548828
10.95,1.5997028350830078
10.18,8.088750839233398
12.4,5.152917861938477
12.8,0.32068824768066406
11.88,0.049343109130859375
10.66,2.538524627685547
11.86,5.510919570922852
10.98,17.262325286865234
11.62,17.048933029174805
8.84,0.5151252746582031
11.15,7.842979431152344
14.57,11.042694091796875
9.45,6.495244979858398
14.02,3.3738861083984375
10.75,9.316162109375
10.44,3.199748992919922
13.69,1.5805778503417969
9.02,4.990240097045898
7.97,1.1393909454345703
10.39,5.408376693725586
7.35,4.588450908660889
11.87,2.613719940185547
11.53,3.6193885803222656
10.3,6.27540397644043
11.73,3.348583221435547
8.68,8.642938613891602
10.93,6.806396484375
10.93,9.978012084960938
10.36,4.589702606201172
11.18,6.417484283447266
10.51,7.497734069824219
14.28,0.7793350219726562
10.54,0.17889022827148438
10.46,1.6270256042480469
13.11,2.0065250396728516
9.15,9.197980880737305
9.52,2.8348331451416016
14.72,2.9023571014404297
10.69,0.013591766357421875
7.0,3.212350845336914
9.77,3.0519561767578125
10.58,5.805233001708984
11.1,1.2109355926513672
9.91,3.2970104217529297
9.88,0.7528858184814453
11.27,6.108676910400391
3.81,2.445737600326538
10.51,4.929370880126953
9.78,2.8363876342773438
9.96,2.243602752685547
11.99,4.804836273193359
10.62,8.275382995605469
8.41,4.550573348999023
10.05,4.085357666015625
11.9,3.3863372802734375
10.77,6.448301315307617
12.43,3.0192642211914062
7.34,6.331229209899902
0.56,4.922388553619385
10.78,7.306257247924805
11.12,1.6699867248535156
12.57,5.836906433105469
13.31,4.945878982543945
11.39,2.3984222412109375
10.12,10.52216911315918
10.86,2.278390884399414
11.44,13.338424682617188
14.04,4.743021011352539
14.19,1.9189224243164062
11.74,7.896949768066406
12.31,0.6421623229980469
11.85,0.27976226806640625
15.01,8.464712142944336
11.46,0.6980381011962891
12.16,8.080595016479492
10.64,4.529809951782227
9.87,3.0042476654052734
10.31,3.324493408203125
6.45,1.2969794273376465
11.46,15.079418182373047
8.26,8.650028228759766
10.62,9.961786270141602
9.11,1.802724838256836
9.6,7.79664421081543
14.86,11.436981201171875
9.77,3.1144046783447266
10.54,0.5816326141357422
10.88,2.6808509826660156
10.43,2.962575912475586
9.16,0.19493865966796875
10.97,25.083633422851562
8.65,7.812747955322266
10.34,4.997669219970703
9.82,7.759252548217773
10.91,3.242487907409668
10.85,5.454780578613281
12.23,5.243795394897461
10.59,2.4059371948242188
10.17,7.4029083251953125
11.85,0.9827728271484375
11.98,7.868816375732422
13.39,2.0526504516601562
11.68,2.1158618927001953
10.3,0.6002674102783203
10.72,6.641681671142578
10.06,1.944326400756836
12.12,0.38254547119140625
11.05,2.2540512084960938
7.94,2.109304428100586
10.57,4.7159423828125
10.97,4.091264724731445
2.01,3.394394636154175
10.71,6.874839782714844
11.9,5.567045211791992
10.9,6.909494400024414
14.04,2.0765342712402344
12.05,4.425764083862305
11.78,2.0988693237304688
11.31,2.1944961547851562
7.26,4.131306171417236
11.26,3.696561813354492
14.89,0.8711013793945312
14.47,7.730886459350586
11.68,10.277942657470703
9.86,6.725286483764648
10.46,2.9811744689941406
13.95,0.19545364379882812
14.15,4.148378372192383
13.03,5.349952697753906
11.06,4.118206024169922
10.85,2.5263328552246094
7.2,5.447892665863037
4.08,4.48080587387085
10.3,0.7112236022949219
6.55,4.597622871398926
14.6,19.05023956298828
10.38,2.907703399658203
10.0,8.290414810180664
9.4,13.077995300292969
9.96,1.1487693786621094
11.43,0.8965415954589844
10.38,5.461553573608398
12.21,3.5782299041748047
9.7,6.928491592407227
9.96,5.590757369995117
10.51,2.6335582733154297
7.25,1.5053272247314453
11.39,0.40834617614746094
10.53,3.96221923828125
6.86,3.151808738708496
12.07,0.3892230987548828
11.55,4.4437103271484375
11.38,5.249340057373047
10.96,1.4628791809082031
11.35,8.785417556762695
9.57,1.212076187133789
11.65,7.061059951782227
11.35,1.8243637084960938
9.71,8.473392486572266
12.94,2.646219253540039
12.04,1.0533065795898438
10.62,7.346261978149414
12.3,0.6526031494140625
10.61,4.331142425537109
7.34,4.183248043060303
10.81,3.540681838989258
9.55,0.6525745391845703
15.19,5.202276229858398
9.83,4.573600769042969
10.5,2.2195396423339844
10.9,4.461145401000977
11.47,0.9577484130859375
8.43,3.349395751953125
9.75,0.8737983703613281
11.72,6.6981048583984375
10.47,8.750675201416016
10.72,5.775068283081055
11.4,1.0979957580566406
7.18,4.158508777618408
14.25,4.737888336181641
9.97,3.0100765228271484
8.75,8.415853500366211
9.51,16.992691040039062
10.55,1.5410270690917969
12.58,7.992835998535156
8.3,3.0836925506591797
12.03,3.298490524291992
10.39,2.430889129638672
14.98,12.363668441772461
0.77,2.4111061096191406
12.75,7.100576400756836
10.12,12.44003677368164
12.2,4.313070297241211
11.94,5.952735900878906
11.04,3.257160186767578
15.24,4.119853973388672
7.91,16.66714859008789
11.63,5.647943496704102
11.59,4.771324157714844
11.53,0.7496547698974609
9.33,6.617454528808594
11.2,14.210336685180664
0.66,2.338313579559326
9.46,4.894418716430664
8.51,4.423017501831055
6.68,0.09175777435302734
0.86,2.1085221767425537
9.86,8.876977920532227
8.68,9.604940414428711
12.22,2.0696640014648438
10.99,6.880882263183594
12.01,1.635202407836914
10.74,5.668871879577637
7.33,6.486434459686279
11.06,0.11612701416015625
13.81,0.8331336975097656
9.99,2.470439910888672
11.01,8.371366500854492
13.25,2.730283737182617
8.64,1.8972034454345703
12.02,2.907918930053711
11.66,3.767763137817383
9.78,1.4386730194091797
8.9,7.370756149291992
8.5,2.244596481323242
10.97,3.6955528259277344
13.96,1.2475090026855469
7.39,2.465841293334961
10.1,0.48052978515625
9.94,4.091709136962891
13.86,1.1930618286132812
8.86,7.200109481811523
13.61,1.0965423583984375
8.85,7.295131683349609
7.89,3.134744644165039
12.0,3.4791526794433594
11.42,2.1753273010253906
0.6,2.284745693206787
11.53,8.416000366210938
11.47,0.536956787109375
10.94,0.8469085693359375
12.03,3.8512821197509766
10.88,1.1478271484375
10.32,4.717836380004883
11.32,2.0257606506347656
14.94,1.8610801696777344
12.61,2.575328826904297
13.15,2.4022064208984375
9.62,0.17819976806640625
10.81,0.00431060791015625
10.55,24.73619842529297
11.06,6.863777160644531
10.27,6.641605377197266
9.94,1.4659786224365234
12.31,7.290102005004883
14.58,1.483917236328125
10.49,5.886848449707031
1.52,7.768574237823486
6.75,8.102574348449707
8.29,3.543954849243164
7.05,5.323009014129639
6.55,0.770205020904541
10.58,1.09722900390625
8.0,0.44614505767822266
11.25,6.137643814086914
8.9,6.978792190551758
10.31,0.1773395538330078
10.08,2.721525192260742
11.36,1.7111759185791016
12.14,2.7465438842773438
11.24,7.537605285644531
8.94,7.237728118896484
11.89,1.0926265716552734
11.62,1.3102684020996094
8.49,7.967287063598633
13.4,5.542177200317383
9.6,8.019447326660156
13.45,2.970733642578125
8.57,5.435262680053711
11.37,12.423212051391602
9.97,1.3799629211425781
7.0,6.388403415679932
9.28,1.5590991973876953
11.2,1.2719078063964844
10.87,1.3003463745117188
10.32,1.7971763610839844
11.32,0.7232704162597656
10.6,1.2797050476074219
10.93,2.178739547729492
11.5,1.022867202758789
10.9,0.18667221069335938
10.65,6.603048324584961
10.93,5.3524017333984375
10.5,0.08494377136230469
11.33,0.7029914855957031
10.4,22.48976707458496
10.55,3.436330795288086
12.01,0.5087623596191406
10.71,6.4718170166015625
9.35,5.667776107788086
11.34,0.4746265411376953
7.2,6.232700347900391
10.28,4.489469528198242
10.53,0.11412429809570312
11.43,1.8916702270507812
11.48,0.3853492736816406
10.31,2.4380855560302734
10.11,5.35026741027832
9.59,10.2431640625
6.48,5.8072404861450195
10.07,1.525320053100586
10.0,3.583599090576172
10.55,5.893659591674805
11.32,2.198648452758789
10.73,0.8824424743652344
0.62,2.518373489379883
8.66,6.656333923339844
9.74,0.13344383239746094
6.74,0.06607437133789062
14.49,6.0025787353515625
11.06,17.696897506713867
8.42,3.957897186279297
11.74,4.372713088989258
8.36,10.396820068359375
12.6,0.5253162384033203
9.79,3.2291698455810547
13.42,2.8851318359375
10.11,3.9728126525878906
10.21,4.025529861450195
10.03,9.554906845092773
12.55,9.174478530883789
11.61,4.216678619384766
10.84,8.83292007446289
10.62,3.9022140502929688
14.04,4.4291229248046875
11.7,3.004009246826172
6.32,2.449350357055664
11.79,3.5224647521972656
10.41,1.9389533996582031
11.38,2.2628631591796875
11.12,1.5769577026367188
11.5,1.6751480102539062
0.53,2.8727822303771973
11.36,2.136159896850586
10.47,4.987804412841797
10.87,1.1182594299316406
6.37,1.4197564125061035
9.69,6.714250564575195
8.19,7.76429557800293
14.22,2.1692237854003906
11.4,3.059032440185547
11.07,2.9186782836914062
12.0,4.128808975219727
10.8,5.6246795654296875
6.56,3.2038097381591797
10.25,2.5275955200195312
8.24,2.879159927368164
8.58,4.7768707275390625
7.31,4.956742763519287
10.89,8.326295852661133
11.48,2.5270023345947266
9.62,4.365915298461914
11.37,13.581012725830078
10.76,1.3745994567871094
10.42,5.167081832885742
9.91,3.1127700805664062
11.74,2.8731117248535156
10.18,3.5226058959960938
14.53,7.810646057128906
15.37,0.4594573974609375
12.09,0.6391448974609375
10.83,0.4777412414550781
10.53,0.055149078369140625
11.34,1.4458580017089844
11.13,0.4228057861328125
13.56,6.370355606079102
8.16,0.012661933898925781
13.62,5.131174087524414
8.36,3.382802963256836
9.8,3.11669921875
11.53,15.072601318359375
10.84,1.1134223937988281
10.93,0.6521224975585938
10.34,2.6195201873779297
10.73,0.3857765197753906
11.12,0.40924072265625
4.3,4.755287170410156
11.11,2.5233192443847656
9.38,4.413516998291016
10.16,0.6699066162109375
11.3,17.506399154663086
6.76,2.163567066192627
7.98,5.851685523986816
10.73,3.824580192565918
10.57,3.246310234069824
10.48,3.4882383346557617
8.19,1.9352970123291016
10.36,8.35610580444336
10.66,0.7300300598144531
9.05,5.047294616699219
10.32,3.2189464569091797
0.61,5.149016857147217
9.81,0.8063125610351562
1.63,0.07840681076049805
11.19,1.1809101104736328
11.21,0.6188430786132812
11.5,1.7578048706054688
11.39,5.414968490600586
12.21,0.024135589599609375
10.12,12.160867691040039
12.51,2.17694091796875
11.21,3.4343109130859375
11.51,0.8536224365234375
10.66,1.1227855682373047
10.42,12.742300033569336
11.43,0.8415279388427734
7.4,4.480542182922363
7.16,3.0131940841674805
9.88,2.457612991333008
14.77,10.136838912963867
9.87,0.20924758911132812
10.29,1.9540634155273438
10.5,3.4340572357177734
12.83,0.6345977783203125
14.79,10.096250534057617
11.77,2.9511260986328125
9.93,10.83099365234375
6.89,0.22178411483764648
12.14,7.599645614624023
8.67,5.997425079345703
10.71,0.181671142578125
11.54,3.156097412109375
11.06,9.306228637695312
9.58,7.633691787719727
11.28,14.924118041992188
11.95,11.9102201461792
11.88,1.0656661987304688
11.47,0.9195270538330078
10.62,6.680965423583984
8.44,0.673130989074707
11.64,1.9960212707519531
10.64,9.379234313964844
9.87,10.068399429321289
11.95,14.823984146118164
9.66,0.6824150085449219
11.02,5.134607315063477
10.48,2.1865596771240234
9.84,8.220352172851562
11.94,12.174741744995117
6.52,0.519014835357666
13.84,0.35888671875
10.98,9.260353088378906
11.03,8.700189590454102
8.58,3.328136444091797
10.53,9.812435150146484
11.76,4.892421722412109
9.07,1.2859067916870117
9.61,5.197103500366211
8.85,1.0721607208251953
4.5,3.6253747940063477
10.22,9.678585052490234
12.52,1.0808143615722656
10.11,8.338075637817383
10.32,1.6635246276855469
10.44,6.386812210083008
11.65,3.4684906005859375
10.65,10.792913436889648
9.47,5.251102447509766
6.92,5.1448516845703125
11.45,4.644327163696289
11.79,2.7562732696533203
10.72,2.0699005126953125
11.59,1.5094528198242188
10.31,1.8880500793457031
13.78,0.35314178466796875
11.29,2.8057003021240234
11.87,14.416980743408203
11.34,0.6516399383544922
14.6,3.6727066040039062
10.86,5.200042724609375
8.81,4.983118057250977
12.36,1.626251220703125
11.41,2.1517391204833984
8.46,1.1702156066894531
10.77,4.241252899169922
11.7,2.387939453125
10.45,0.08620452880859375
11.0,2.4064903259277344
10.68,4.065441131591797
11.28,0.7819633483886719
11.84,19.156593322753906
10.52,1.9220714569091797
10.73,7.662197113037109
11.8,3.7286643981933594
10.15,6.29124641418457
14.8,9.201828002929688
10.63,6.430305480957031
10.28,15.548124313354492
7.26,3.8167552947998047
10.47,0.7782497406005859
8.79,7.5467071533203125
10.43,12.515356063842773
9.98,8.198738098144531
10.78,0.42267608642578125
11.99,0.9993743896484375
11.45,1.2958030700683594
9.56,5.925804138183594
10.26,6.643211364746094
10.94,0.18973159790039062
10.31,1.3234367370605469
12.43,3.8815460205078125
11.83,1.5234375
12.05,3.3331680297851562
9.69,0.3520069122314453
11.62,0.059772491455078125
11.49,0.5935935974121094
6.88,4.250539779663086
6.59,0.8633670806884766
11.36,2.6306591033935547
11.65,1.6178550720214844
12.57,1.8925743103027344
8.83,8.721563339233398
10.96,5.430793762207031
8.59,0.340789794921875
10.71,2.4463043212890625
13.66,5.78785514831543
10.82,5.756591796875
10.03,1.6849021911621094
9.94,3.0321617126464844
6.8,4.397287368774414
10.41,4.037137985229492
10.18,0.5802040100097656
10.95,0.9947376251220703
12.99,2.795652389526367
14.12,0.128326416015625
11.29,2.025726318359375
11.74,6.775190353393555
8.73,2.1775035858154297
9.83,0.0745086669921875
10.14,5.344064712524414
12.18,3.4012374877929688
11.56,1.1573925018310547
8.58,2.5660018920898438
12.45,5.607084274291992
12.11,0.4461479187011719
9.87,2.653453826904297
12.0,5.937053680419922
13.93,0.5938339233398438
9.48,6.386867523193359
9.88,4.143072128295898
6.78,8.150650024414062
10.03,3.1024017333984375
10.09,7.857814788818359
10.18,0.6326694488525391
10.94,1.5546493530273438
14.11,5.740135192871094
12.0,5.684478759765625
14.77,6.814064025878906
10.23,0.6472320556640625
11.04,2.7408409118652344
11.68,14.489824295043945
14.55,0.7725677490234375
10.69,6.062000274658203
10.37,0.5113906860351562
8.6,7.418375015258789
10.77,2.0713367462158203
11.83,2.1544723510742188
10.36,2.8021774291992188
10.09,1.4699039459228516
10.62,7.507295608520508
11.4,12.724491119384766
11.92,0.35009765625
10.19,1.5621376037597656
11.02,18.315322875976562
15.05,4.321083068847656
14.08,1.6135177612304688
7.26,4.214837074279785
12.13,7.4955596923828125
11.39,6.880577087402344
14.1,1.4264869689941406
10.35,1.3960227966308594
9.65,3.0199813842773438
10.02,0.6250514984130859
10.57,3.7780113220214844
10.89,2.9293479919433594
11.3,1.5552864074707031
12.46,0.4485511779785156
11.48,10.374237060546875
8.57,1.8259773254394531
11.47,4.221487045288086
10.68,4.036748886108398
10.73,0.19564437866210938
14.21,3.4381866455078125
10.93,2.744983673095703
11.03,0.45070457458496094
11.78,6.066091537475586
10.0,3.3279714584350586
10.16,1.4715080261230469
11.02,0.6224594116210938
10.17,2.510753631591797
10.03,2.5559349060058594
10.8,0.2725944519042969
8.37,7.544200897216797
13.83,2.930561065673828
11.63,2.776561737060547
13.86,4.488218307495117
14.13,3.5678234100341797
14.38,0.6627464294433594
10.9,0.32001495361328125
10.3,11.617036819458008
11.57,13.671060562133789
10.85,5.71723747253418
11.45,1.73681640625
10.59,2.756784439086914
11.56,3.292509078979492
10.25,1.0964717864990234
9.75,6.982168197631836
8.6,6.104442596435547
10.77,3.1705970764160156
11.18,0.4875068664550781
12.38,2.442615509033203
8.96,1.8576908111572266
11.62,11.214851379394531
10.59,5.065622329711914
11.49,1.3652610778808594
12.15,5.332612991333008
10.57,9.40799331665039
9.78,0.5701942443847656
10.37,0.06571197509765625
12.45,2.9965686798095703
10.8,2.804777145385742
10.86,2.0307750701904297
11.99,1.2951316833496094
11.94,1.4912261962890625
11.34,2.9776668548583984
12.37,1.3575706481933594
12.08,1.8666572570800781
11.59,0.4468860626220703
10.0,2.6087989807128906
9.83,1.0436553955078125
13.71,1.7424507141113281
13.08,11.757333755493164
14.07,9.765979766845703
9.81,0.5964088439941406
11.73,3.1155242919921875
10.21,3.6128673553466797
10.29,2.281095504760742
6.47,0.9673209190368652
11.35,5.478931427001953
10.92,6.615589141845703
14.15,5.07160758972168
9.46,6.369361877441406
8.61,5.186967849731445
11.54,6.58514404296875
10.13,1.6679954528808594
10.73,1.4819278717041016
13.13,3.675701141357422
11.08,0.5341339111328125
10.03,3.7099075317382812
9.94,0.9737377166748047
9.71,1.4031143188476562
11.64,0.3973541259765625
10.44,3.3744125366210938
10.83,2.8250350952148438
10.55,9.409353256225586
11.77,5.243797302246094
11.4,1.4467754364013672
10.36,0.9121589660644531
9.54,1.689676284790039
10.08,0.5740394592285156
15.02,3.642578125
11.56,1.7252006530761719
9.16,5.736913681030273
7.42,4.381061553955078
11.57,3.5569229125976562
11.71,12.797491073608398
10.79,3.279280662536621
10.62,5.998722076416016
6.11,7.356868743896484
10.03,0.09086036682128906
11.49,7.098724365234375
8.63,3.7160682678222656
10.67,4.065273284912109
10.29,6.636821746826172
10.57,0.6807994842529297
11.96,5.007514953613281
13.93,1.6204986572265625
11.19,25.27340316772461
9.89,3.810403823852539
14.3,0.2198944091796875
10.83,7.361734390258789
11.71,1.8369865417480469
11.52,3.7154197692871094
13.89,0.9127292633056641
12.52,0.6540374755859375
8.81,8.31517219543457
0.55,5.470199108123779
11.59,0.39116859436035156
10.93,4.979774475097656
9.85,2.242441177368164
13.57,0.9508590698242188
6.95,3.167544364929199
10.71,0.9773216247558594
12.13,4.078296661376953
8.27,2.017672538757324
10.15,1.6793174743652344
11.33,1.8827247619628906
11.18,1.0549755096435547
11.69,5.669277191162109
7.98,7.978719711303711
11.3,0.12492752075195312
11.83,1.9170989990234375
8.53,2.969930648803711
13.35,6.502006530761719
11.6,1.713979721069336
10.56,0.9483070373535156
10.41,0.7672252655029297
11.3,7.210441589355469
11.73,2.7679977416992188
7.61,0.4179401397705078
11.39,0.7892227172851562
10.17,6.160572052001953
8.83,0.9316940307617188
10.19,4.605316162109375
8.56,3.536935806274414
8.58,3.013212203979492
15.36,5.758779525756836
9.64,5.337858200073242
10.35,0.9648399353027344
10.65,0.3687248229980469
10.13,7.90306282043457
9.24,7.534795761108398
9.24,2.5993595123291016
10.72,1.2621040344238281
10.24,13.595735549926758
10.12,15.979175567626953
6.39,5.222872734069824
12.02,3.1092605590820312
11.4,1.5469169616699219
12.0,1.9889793395996094
10.45,6.470911026000977
11.95,0.5992660522460938
10.22,1.6356582641601562
10.51,0.15984725952148438
6.37,1.8691248893737793
10.37,4.638776779174805
14.13,0.00188446044921875
10.99,4.703990936279297
1.52,4.649839878082275
10.52,2.1064605712890625
9.86,8.85177230834961
7.22,1.5206737518310547
8.6,1.7691402435302734
12.13,3.0979461669921875
10.21,1.9193077087402344
11.82,3.107189178466797
0.65,4.617327690124512
11.13,1.0156002044677734
11.01,2.834087371826172
10.39,2.3926868438720703
11.69,1.1573429107666016
10.51,0.7745437622070312
11.38,2.877248764038086
10.47,6.213663101196289
10.75,0.09348678588867188
4.68,2.7734084129333496
11.11,0.1072845458984375
11.96,2.005096435546875
9.43,2.0174179077148438
10.59,4.0998687744140625
6.59,0.45894813537597656
6.93,1.8349652290344238
10.46,4.823097229003906
10.38,0.2783660888671875
11.88,6.427574157714844
7.26,4.671186447143555
10.74,1.9454460144042969
10.97,23.141265869140625
12.33,8.769775390625
7.31,3.7485857009887695
11.64,2.313323974609375
0.58,2.503519058227539
11.21,7.668525695800781
10.33,4.321280479431152
7.24,1.4614315032958984
11.21,2.911357879638672
7.56,0.06731796264648438
12.37,6.095571517944336
13.52,0.3459053039550781
11.85,2.9684371948242188
7.29,3.2541370391845703
9.86,0.2985267639160156
10.08,11.493598937988281
12.31,6.53114128112793
10.19,1.7939929962158203
10.2,7.355823516845703
9.1,0.5240974426269531
11.89,5.857534408569336
15.11,5.375698089599609
13.84,0.7599067687988281
10.64,0.5082817077636719
10.75,7.552103042602539
8.86,11.705820083618164
9.34,5.348682403564453
12.09,2.9497833251953125
8.23,1.4538898468017578
10.52,3.770702362060547
7.28,0.5304880142211914
9.44,9.056493759155273
10.81,1.7162322998046875
8.99,14.283447265625
13.72,12.92251205444336
12.9,2.9421520233154297
10.65,0.6320896148681641
10.92,6.767974853515625
11.82,0.3200531005859375
11.68,2.72998046875
10.55,1.444535255432129
12.14,2.216388702392578
7.06,4.410839080810547
11.91,4.943639755249023
9.16,6.7688140869140625
8.32,4.326240539550781
11.49,2.3398590087890625
10.98,0.8232135772705078
11.64,1.9413490295410156
10.74,3.4651222229003906
10.31,8.281692504882812
8.08,0.47187232971191406
9.83,8.811098098754883
13.12,6.692401885986328
8.57,3.731588363647461
10.36,3.7330245971679688
12.87,5.256206512451172
10.05,0.5292015075683594
8.58,4.207420349121094
8.5,4.310295104980469
10.91,4.602565765380859
11.41,9.597431182861328
14.07,1.6754493713378906
10.42,2.739583969116211
10.87,2.564952850341797
7.21,4.069270133972168
10.68,4.893442153930664
12.78,8.661022186279297
11.88,2.941478729248047
11.44,3.5764427185058594
11.52,3.919229507446289
10.73,11.646957397460938
14.76,1.3027076721191406
11.19,4.410457611083984
10.71,3.8313140869140625
10.04,3.022693634033203
11.87,1.3705596923828125
7.31,5.593331813812256
12.0,7.422077178955078
10.71,1.204599380493164
12.09,5.371095657348633
15.19,1.0004615783691406
3.43,2.966646671295166
11.61,6.30592155456543
9.9,8.199443817138672
10.22,1.0793800354003906
11.2,6.447509765625
10.02,9.047531127929688
10.3,1.0587387084960938
10.87,2.552654266357422
12.03,4.963031768798828
7.03,0.5634775161743164
9.94,0.5688514709472656
9.44,2.8990135192871094
8.68,7.764675140380859
11.21,0.7766876220703125
11.36,1.1289119720458984
8.39,1.9398603439331055
8.22,0.7146224975585938
13.1,7.745111465454102
10.71,4.36248779296875
10.47,5.001801490783691
11.13,6.591066360473633
14.16,3.6770076751708984
10.02,6.799015045166016
7.36,5.873521327972412
11.39,0.5241050720214844
8.7,0.4822120666503906
12.64,1.4356155395507812
9.94,9.061830520629883
11.5,7.439615249633789
11.63,8.544307708740234
11.55,1.7263717651367188
14.06,8.526313781738281
14.19,3.8312740325927734
11.89,3.3231239318847656
9.72,11.661678314208984
11.84,3.0729103088378906
10.52,6.925149917602539
7.82,5.139301300048828
14.06,0.14487457275390625
12.43,0.05608367919921875
11.86,2.434368133544922
11.66,0.3476123809814453
9.82,2.4280948638916016
13.91,7.483526229858398
6.66,0.3740053176879883
8.55,1.3844776153564453
8.31,4.876537322998047
10.76,1.1960220336914062
13.62,0.6187973022460938
11.69,3.1686668395996094
10.78,4.678728103637695
10.94,0.08115386962890625
10.52,3.546659469604492
11.77,0.1924114227294922
10.45,2.225550651550293
11.25,1.7060546875
9.74,2.7801551818847656
8.61,2.675966262817383
10.3,2.5906009674072266
8.63,5.364965438842773
10.53,2.3140335083007812
8.36,9.129997253417969
13.0,2.5254688262939453
9.78,0.5851287841796875
14.62,2.952106475830078
9.0,6.034059524536133
10.52,23.336597442626953
10.43,0.6723594665527344
9.09,10.15816879272461
10.52,2.0694541931152344
11.34,16.812618255615234
11.46,1.6666584014892578
9.8,1.762674331665039
14.15,0.9296417236328125
10.89,1.5984439849853516
11.36,1.3044013977050781
11.53,3.121540069580078
12.05,4.616115570068359
11.46,2.0317230224609375
9.16,6.497282028198242
11.37,11.726133346557617
10.55,6.301067352294922
14.36,0.8710441589355469
13.34,4.237308502197266
10.05,1.7562389373779297
11.68,1.0278663635253906
7.37,4.960268020629883
11.7,7.346302032470703
10.56,2.4051132202148438
11.28,11.170255661010742
0.46,4.8691511154174805
12.1,2.0383949279785156
10.92,8.129871368408203
10.75,8.679557800292969
10.6,2.3510189056396484
10.88,5.115438461303711
11.78,3.0810470581054688
11.79,1.4226951599121094
10.84,4.463287353515625
8.1,6.936397552490234
10.07,2.8953628540039062
10.88,0.075286865234375
14.25,3.36212158203125
11.6,2.136617660522461
13.3,4.533100128173828
8.58,3.4294490814208984
10.68,4.031400680541992
10.8,4.13532829284668
11.27,2.3120288848876953
10.46,1.8790817260742188
9.34,7.518901824951172
10.2,3.664875030517578
10.75,0.5221538543701172
10.8,4.688873291015625
14.72,4.0637054443359375
11.6,1.5800323486328125
10.68,7.948770523071289
11.18,2.8765945434570312
6.7,0.49713706970214844
8.08,2.403898239135742
8.14,2.624422073364258
12.8,0.3641471862792969
11.07,6.459445953369141
11.76,5.365421295166016
11.59,2.9239273071289062
10.37,3.844249725341797
4.38,1.6506190299987793
10.27,2.7007675170898438
10.55,2.046070098876953
13.83,0.3879127502441406
10.66,9.515949249267578
11.06,11.158348083496094
10.25,6.124660491943359
7.65,2.904478073120117
10.23,5.219106674194336
11.84,3.0334396362304688
11.75,5.519813537597656
10.63,22.336570739746094
9.88,0.06245613098144531
13.1,2.237873077392578
14.12,9.669687271118164
10.84,0.3571033477783203
11.19,1.927154541015625
7.24,0.9812545776367188
11.37,2.0577640533447266
10.56,2.3012771606445312
11.56,19.34549331665039
12.56,7.646970748901367
11.58,1.6375713348388672
10.78,1.59429931640625
15.26,1.1801567077636719
11.7,5.47880744934082
11.09,12.377376556396484
9.64,8.107282638549805
7.18,4.9113850593566895
10.7,4.527339935302734
9.9,3.5616092681884766
11.66,0.8849697113037109
11.81,0.9704837799072266
12.0,1.4942054748535156
11.82,0.979461669921875
8.61,5.9416961669921875
13.08,0.9535160064697266
10.98,4.346595764160156
9.27,6.544933319091797
11.58,2.0163307189941406
9.92,0.6613597869873047
11.02,5.250247955322266
11.62,0.1716442108154297
7.21,3.05316162109375
10.72,0.7393589019775391
14.59,3.220184326171875
11.66,7.931535720825195
9.38,2.615619659423828
8.31,0.32210350036621094
14.43,0.08700942993164062
10.12,4.7615966796875
12.09,0.6923999786376953
13.41,7.728862762451172
11.12,3.0416183471679688
12.4,1.6077880859375
9.9,1.6744365692138672
10.67,2.627321243286133
10.89,4.661121368408203
10.17,6.317598342895508
9.89,3.215333938598633
7.11,5.121206760406494
10.14,4.250286102294922
14.91,5.890357971191406
10.54,2.0054168701171875
10.67,2.7579612731933594
11.44,0.7311019897460938
11.9,3.1388607025146484
10.76,2.1455936431884766
10.71,2.026641845703125
11.74,6.686708450317383
9.01,7.562297821044922
10.64,1.081787109375
8.81,2.499664306640625
11.25,2.693685531616211
14.7,11.75999641418457
15.3,18.14199447631836
6.36,0.22569990158081055
11.69,7.194114685058594
9.83,6.301488876342773
10.83,1.1236114501953125
10.4,0.6964759826660156
10.26,0.2975807189941406
11.47,0.01335906982421875
10.2,2.7140560150146484
10.24,0.9244594573974609
10.64,0.9940109252929688
10.69,0.1725330352783203
9.3,0.04796409606933594
11.56,5.553308486938477
12.82,4.161905288696289
10.35,4.994714736938477
10.4,2.443361282348633
15.44,6.518985748291016
11.81,3.2056407928466797
10.42,4.715183258056641
10.14,3.3474082946777344
10.82,1.0629234313964844
9.12,4.455913543701172
8.83,3.070707321166992
7.77,0.040012359619140625
14.77,2.578296661376953
9.49,4.581325531005859
7.09,4.990330219268799
13.69,0.7286834716796875
12.28,0.1578960418701172
9.91,1.974578857421875
10.47,3.9504318237304688
14.8,4.8414764404296875
10.38,3.293102264404297
10.03,11.75113296508789
11.28,11.689586639404297
11.55,3.0036582946777344
11.86,8.134479522705078
11.6,6.759368896484375
10.5,2.243267059326172
11.59,4.100957870483398
10.34,3.3871898651123047
8.72,4.094518661499023
10.41,0.5682601928710938
6.75,0.33704090118408203
0.66,4.5988030433654785
11.3,6.371789932250977
8.04,1.3021183013916016
11.24,0.7807426452636719
11.32,2.710847854614258
14.68,11.62640380859375
9.89,9.243757247924805
11.25,3.5678329467773438
11.83,3.6633644104003906
10.27,2.0471935272216797
10.42,2.0717315673828125
11.26,4.424587249755859
7.92,2.518136978149414
10.04,1.1607742309570312
6.66,6.098213195800781
9.16,2.4462223052978516
11.21,0.24946212768554688
11.01,2.856588363647461
10.9,2.3807601928710938
8.81,2.591876983642578
9.46,1.3768787384033203
11.74,4.141307830810547
10.91,0.6084995269775391
10.31,10.148462295532227
9.37,4.423547744750977
11.75,0.9676723480224609
13.56,5.617250442504883
10.38,4.153656959533691
11.6,5.151216506958008
10.66,0.9925327301025391
11.56,14.910991668701172
6.55,2.154094696044922
11.17,6.314144134521484
15.5,6.576337814331055
10.03,4.257862091064453
8.58,7.936698913574219
10.52,0.6210517883300781
11.15,3.1202926635742188
11.26,18.586519241333008
7.25,4.409854412078857
11.41,3.994678497314453
10.18,4.423501968383789
11.59,0.5400676727294922
10.29,5.971427917480469
14.47,8.533023834228516
10.15,0.9129371643066406
10.0,1.9715099334716797
11.02,2.5495567321777344
6.97,4.680592060089111
10.41,4.783870697021484
6.7,5.413766384124756
13.77,1.1358566284179688
11.57,3.1643943786621094
7.08,3.8518314361572266
10.46,0.170684814453125
10.51,4.524324417114258
14.29,2.2314796447753906
10.46,3.443113327026367
9.14,6.597267150878906
11.08,7.984123229980469
10.14,7.374366760253906
11.24,1.4043121337890625
11.47,2.267108917236328
13.54,0.46523284912109375
9.85,9.31463623046875
10.37,2.4963302612304688
11.31,2.29913330078125
14.95,6.8462982177734375
0.69,4.800120830535889
7.01,0.11139822006225586
10.15,5.629728317260742
7.17,5.830005168914795
10.01,6.764120101928711
12.67,3.8949737548828125
8.55,3.6861743927001953
10.08,0.3841552734375
11.55,0.07675361633300781
10.52,6.50628662109375
14.45,4.862482070922852
9.76,3.973020553588867
11.91,4.131696701049805
10.49,4.717914581298828
10.92,1.2715568542480469
11.37,3.109987258911133
11.62,2.8318939208984375
10.63,0.8892917633056641
8.84,8.878335952758789
9.84,0.5522079467773438
11.38,2.322935104370117
10.36,1.2626419067382812
9.57,0.15091705322265625
6.72,0.11214494705200195
10.6,0.5230712890625
9.88,1.361593246459961
10.06,0.8465137481689453
10.59,0.5448112487792969
12.99,12.983068466186523
8.7,4.504644393920898
10.08,8.90342903137207
11.63,0.6905155181884766
10.23,7.052713394165039
0.56,4.483057022094727
10.1,1.1913337707519531
9.51,0.7445602416992188
10.84,7.935997009277344
8.53,0.5497102737426758
15.67,17.600997924804688
9.82,1.772857666015625
11.73,1.7603988647460938
7.63,2.108762741088867
11.69,4.113262176513672
11.6,1.9271965026855469
10.29,1.4331836700439453
15.36,7.269767761230469
11.65,6.250616073608398
6.76,3.987893581390381
9.7,4.263296127319336
11.97,2.0674972534179688
10.09,0.20848655700683594
10.12,0.38285064697265625
6.76,4.989555358886719
10.66,3.3650074005126953
10.89,5.500818252563477
13.82,2.2327232360839844
11.75,5.081901550292969
9.94,3.477588653564453
9.98,7.9666748046875
10.88,12.578439712524414
10.36,6.380962371826172
11.75,0.2831134796142578
7.82,4.14592170715332
10.64,13.77284049987793
8.75,3.2500648498535156
9.93,11.58712387084961
13.32,2.9021949768066406
10.81,6.030223846435547
10.55,1.5511093139648438
9.36,6.299097061157227
9.91,0.027555465698242188
11.34,6.254558563232422
6.71,8.248830795288086
10.4,2.0495338439941406
6.88,6.827348709106445
14.58,11.724126815795898
10.19,2.3451595306396484
11.18,2.519887924194336
10.75,5.795690536499023
10.68,3.7464122772216797
11.82,0.6068191528320312
11.59,1.7830047607421875
9.75,0.7510242462158203
10.88,1.8617820739746094
11.07,4.164794921875
8.93,2.652996063232422
9.98,6.9276123046875
6.53,0.8361244201660156
9.1,6.979883193969727
13.05,1.1620101928710938
11.7,11.98714828491211
10.93,6.18946647644043
10.53,2.2139549255371094
11.85,4.347068786621094
10.27,3.304689407348633
13.79,2.609783172607422
7.07,5.085596561431885
11.97,2.659954071044922
11.11,0.476806640625
11.96,2.3284988403320312
11.56,13.506277084350586
10.78,0.9516258239746094
8.92,3.297628402709961
9.84,0.7153282165527344
9.61,11.849193572998047
9.99,4.029226303100586
11.46,3.4267349243164062
10.15,2.0777530670166016
12.04,3.531261444091797
11.21,5.483570098876953
9.99,3.566591262817383
11.9,4.836153030395508
14.89,12.855722427368164
11.46,4.225654602050781
11.36,2.302206039428711
11.92,3.1361846923828125
11.04,4.082248687744141
13.48,0.19404220581054688
13.45,4.8203125
6.52,0.4773111343383789
11.47,1.7386016845703125
11.55,10.642723083496094
13.17,7.044376373291016
11.33,2.9524078369140625
11.09,2.3187713623046875
10.16,4.198298454284668
6.41,4.779107093811035
11.33,2.2651519775390625
3.56,2.6395511627197266
10.09,1.5012378692626953
10.38,1.4236297607421875
10.26,5.419721603393555
10.09,3.6939773559570312
12.31,1.8833484649658203
14.95,8.472160339355469
9.98,2.018087387084961
10.66,5.903200149536133
11.55,0.18129539489746094
10.82,1.9469070434570312
10.03,5.185737609863281
10.85,1.744842529296875
8.94,6.115505218505859
10.22,1.9060497283935547
11.79,0.767333984375
11.52,3.9380626678466797
10.39,7.829216003417969
10.25,2.338499069213867
7.25,3.053791046142578
10.34,2.517282485961914
10.46,3.8631973266601562
14.76,2.5875320434570312
6.93,4.341632843017578
11.55,8.329185485839844
10.84,0.32477378845214844
9.82,7.266078948974609
10.59,2.5744895935058594
14.64,7.791110992431641
9.99,0.45469093322753906
9.58,7.296239852905273
11.42,4.482038497924805
11.33,6.493534088134766
10.91,0.00290679931640625
6.57,5.582479476928711
8.91,6.941036224365234
9.45,5.244625091552734
11.07,0.03873443603515625
10.24,4.473569869995117
7.47,4.4304609298706055
7.95,4.58941650390625
9.69,1.1076202392578125
10.45,2.0276756286621094
10.39,0.3513603210449219
10.73,5.940839767456055
9.59,8.072355270385742
11.69,7.70892333984375
13.64,0.5523910522460938
10.35,10.862100601196289
10.57,1.6178131103515625
9.65,10.923261642456055
10.07,9.142488479614258
14.15,1.1689796447753906
10.63,13.405242919921875
11.23,1.7102203369140625
6.44,4.4894256591796875
11.84,3.071207046508789
8.84,0.6461429595947266
9.41,5.577947616577148
11.66,14.773283004760742
10.31,12.265815734863281
11.23,0.8050251007080078
11.75,1.9493961334228516
11.57,2.8515377044677734
7.56,1.1320037841796875
11.84,1.9982223510742188
11.68,1.7469062805175781
12.15,3.3796558380126953
11.04,2.735433578491211
10.94,4.107125282287598
12.78,0.09071540832519531
10.26,5.293552398681641
10.77,1.930044174194336
11.09,25.100059509277344
11.1,5.786050796508789
10.7,0.012987136840820312
14.7,0.3095664978027344
11.16,7.992719650268555
10.62,0.4249401092529297
11.59,1.8295917510986328
11.69,6.755058288574219
10.31,9.357734680175781
9.94,1.4495582580566406
13.74,0.23496246337890625
11.32,16.416297912597656
8.72,3.784788131713867
10.72,5.346748352050781
8.77,7.339202880859375
11.4,2.2748165130615234
9.05,5.969078063964844
10.36,2.398366928100586
6.86,7.009035587310791
12.35,7.056404113769531
9.8,5.261144638061523
11.85,1.8676605224609375
10.64,1.7726306915283203
10.29,2.465383529663086
14.31,6.442750930786133
10.16,8.330366134643555
13.97,3.9982872009277344
13.96,2.1923484802246094
10.72,3.0336532592773438
11.88,3.40472412109375
10.55,2.4062976837158203
10.61,1.1860885620117188
8.41,3.3789291381835938
15.22,11.881616592407227
10.85,5.849765777587891
7.32,5.866735458374023
11.45,4.419126510620117
10.36,5.824394226074219
11.2,6.48614501953125
11.97,6.629528045654297
9.74,5.910491943359375
11.65,2.88677978515625
10.26,1.0621147155761719
11.13,14.95614242553711
10.73,7.647785186767578
11.52,0.6077404022216797
10.04,4.002758026123047
10.17,6.124017715454102
9.87,4.872282028198242
10.92,5.362934112548828
10.69,9.273035049438477
10.64,6.022563934326172
9.22,10.53707504272461
11.6,2.340343475341797
8.59,2.019725799560547
13.19,2.4259567260742188
11.57,6.06402587890625
10.56,1.1356582641601562
8.51,4.742412567138672
11.01,2.0138092041015625
8.69,3.537933349609375
10.47,4.229673385620117
11.58,8.180274963378906
9.67,6.747920989990234
10.33,0.2927436828613281
10.28,0.21910476684570312
10.71,2.428943634033203
8.69,7.359779357910156
11.89,3.217304229736328
10.0,0.369720458984375
12.12,1.6459541320800781
10.85,4.830928802490234
10.87,0.8745517730712891
10.4,1.1487541198730469
9.65,2.6583213806152344
11.74,5.619131088256836
10.69,7.417366027832031
8.65,8.129676818847656
11.54,0.7521247863769531
11.25,4.482694625854492
11.72,3.095102310180664
10.91,20.022375106811523
11.6,1.7898101806640625
9.87,1.8851947784423828
7.57,3.5242977142333984
6.82,6.867072105407715
7.99,1.2609710693359375
11.24,9.505107879638672
8.46,0.016994476318359375
11.77,2.843677520751953
10.57,1.1484432220458984
9.96,3.284147262573242
9.78,1.8482818603515625
8.18,6.124897003173828
10.38,5.603166580200195
8.38,4.847616195678711
11.82,3.5619659423828125
10.11,0.3165473937988281
10.13,0.4940185546875
9.5,5.041601181030273
11.13,0.1535797119140625
11.48,3.2232513427734375
11.32,1.4731178283691406
10.73,0.2085723876953125
10.23,1.1528778076171875
6.9,3.6462841033935547
6.97,5.196531295776367
10.59,12.503639221191406
11.82,3.1967811584472656
10.94,4.341207504272461
7.17,3.2444844245910645
9.73,4.321096420288086
13.01,2.719005584716797
14.0,2.546489715576172
11.42,0.5583953857421875
10.52,4.628778457641602
10.61,5.171854019165039
10.42,2.987516403198242
10.67,2.6729984283447266
9.99,0.04661369323730469
11.3,2.5783023834228516
10.81,1.0758399963378906
8.77,2.263072967529297
10.26,0.019863128662109375
10.22,2.9597034454345703
10.34,1.3862800598144531
9.92,7.499122619628906
7.04,3.629092216491699
11.16,0.01374053955078125
11.36,1.8305435180664062
11.66,19.487573623657227
8.88,4.889738082885742
12.03,2.464231491088867
11.25,8.95993423461914
10.37,2.0291900634765625
9.12,5.102224349975586
9.35,10.275199890136719
11.24,4.731822967529297
14.77,14.950477600097656
11.03,7.714195251464844
10.54,7.1995697021484375
11.18,2.6287498474121094
9.96,9.44759750366211
6.53,0.940849781036377
8.15,3.4535789489746094
10.77,0.6445274353027344
7.33,4.85546875
0.65,2.540910005569458
12.01,0.38817596435546875
6.55,6.931604385375977
11.02,2.905414581298828
10.86,1.9650421142578125
11.66,7.912998199462891
10.75,4.18511962890625
13.61,0.44769287109375
11.63,4.557872772216797
11.37,0.24320220947265625
9.95,0.06437873840332031
10.08,3.35833740234375
11.3,2.119813919067383
10.59,2.1520423889160156
11.6,2.6714706420898438
11.88,4.8895721435546875
11.11,0.6011848449707031
11.97,3.7842941284179688
8.61,1.9965734481811523
8.39,4.745514869689941
13.87,4.701499938964844
11.29,2.8460922241210938
11.17,6.714939117431641
10.54,2.068206787109375
11.55,3.9047298431396484
10.96,6.298398971557617
11.44,3.0878677368164062
11.9,5.931703567504883
11.19,2.4636001586914062
14.58,3.318653106689453
11.03,4.117513656616211
13.93,0.3980674743652344
15.08,18.373119354248047
12.67,0.6148300170898438
9.28,6.620302200317383
11.56,1.5112228393554688
7.63,2.0877151489257812
10.05,1.6214580535888672
6.3,1.6579623222351074
10.32,1.1999950408935547
11.21,1.6941814422607422
8.63,3.710134506225586
10.13,0.27561187744140625
10.66,6.483987808227539
13.69,2.2778587341308594
10.81,3.695049285888672
11.53,1.6287307739257812
11.07,2.9293060302734375
9.15,5.478813171386719
11.38,2.1544055938720703
11.8,0.27269744873046875
13.43,5.124460220336914
14.68,8.841955184936523
0.8,1.820655107498169
9.67,5.658229827880859
10.85,1.57550048828125
10.04,12.778362274169922
8.96,6.912054061889648
10.1,2.6410083770751953
9.72,2.6643295288085938
10.26,4.355461120605469
9.32,6.951204299926758
15.16,2.1614952087402344
12.93,4.004241943359375
11.94,4.719043731689453
12.4,5.8827362060546875
10.63,3.5903587341308594
8.19,4.213630676269531
10.37,13.120401382446289
13.29,0.3071002960205078
10.78,3.0977783203125
6.86,8.124241828918457
10.93,3.5079517364501953
10.21,5.2984466552734375
10.79,1.0379199981689453
11.37,5.1634979248046875
11.47,0.8422126770019531
0.58,2.3010141849517822
11.94,3.2531890869140625
11.93,0.8921909332275391
10.49,2.5585594177246094
10.63,6.547332763671875
10.68,2.243274688720703
7.72,1.6696739196777344
10.43,3.2415075302124023
11.68,6.9061126708984375
10.35,8.71514892578125
0.79,3.9026665687561035
11.37,17.043109893798828
11.64,0.23383712768554688
10.19,8.467910766601562
10.64,1.1866226196289062
13.99,1.946380615234375
10.86,8.486766815185547
10.07,5.13041877746582
9.9,9.32857894897461
9.81,0.16631698608398438
11.48,5.141048431396484
13.75,0.648162841796875
8.43,2.756826400756836
7.48,2.1013097763061523
10.56,2.7029075622558594
11.17,0.4291419982910156
6.94,3.22175931930542
12.2,1.7757930755615234
10.9,6.859796524047852
11.06,2.3091697692871094
10.48,0.021085739135742188
12.04,4.976680755615234
9.75,11.924922943115234
8.17,0.6398906707763672
10.52,6.289329528808594
10.26,9.370071411132812
10.53,1.5518856048583984
11.9,15.670173645019531
9.84,3.7779922485351562
12.05,16.108121871948242
11.32,3.5022449493408203
10.79,22.91646957397461
14.94,0.2839088439941406
8.62,5.470982551574707
10.61,1.6789264678955078
13.61,4.48992919921875
12.08,4.212194442749023
10.25,3.208393096923828
10.25,2.071390151977539
8.98,7.049858093261719
11.53,15.5703125
6.56,0.03949880599975586
9.34,10.221450805664062
10.19,2.374114990234375
11.32,3.219921112060547
10.48,1.9417724609375
11.37,2.6065216064453125
9.24,5.305566787719727
11.05,0.16107559204101562
11.72,0.4549293518066406
12.51,5.938322067260742
12.54,4.508083343505859
12.05,1.8950157165527344
10.78,6.019990921020508
11.57,0.09510040283203125
12.08,2.2913818359375
10.9,6.727453231811523
10.67,0.84246826171875
11.68,2.426725387573242
9.37,5.094644546508789
8.38,8.794126510620117
7.12,5.073320388793945
12.59,6.448976516723633
10.72,2.204885482788086
8.01,2.1420726776123047
11.57,2.163928985595703
10.47,1.7147293090820312
11.69,2.9982452392578125
11.35,7.133899688720703
9.74,3.378133773803711
10.26,0.37647438049316406
4.43,1.2307415008544922
10.34,5.340175628662109
11.85,1.2749290466308594
14.58,11.443794250488281
11.83,6.13104248046875
6.88,4.974603652954102
11.6,4.400989532470703
12.16,3.672496795654297
10.46,4.7442474365234375
6.89,2.7511653900146484
11.56,1.4905261993408203
10.41,1.2415580749511719
8.13,0.3645477294921875
6.76,4.87027645111084
10.66,6.440196990966797
11.49,2.5938549041748047
11.55,0.16268539428710938
6.1,7.167248725891113
10.11,5.65125846862793
10.74,1.5028762817382812
8.12,5.015668869018555
7.65,2.6959781646728516
10.38,2.7746429443359375
12.18,7.404361724853516
11.1,5.057422637939453
10.0,3.2951412200927734
10.85,6.5556488037109375
8.06,3.9110965728759766
11.68,1.0198936462402344
10.95,11.55771255493164
10.26,9.176044464111328
10.42,0.3751487731933594
11.85,3.589262008666992
6.75,5.248021125793457
11.87,3.793600082397461
8.94,4.2731781005859375
9.0,4.040660858154297
10.68,1.9850006103515625
10.84,1.4634513854980469
10.92,0.6484527587890625
11.1,9.409339904785156
10.75,9.464319229125977
10.66,0.19541549682617188
7.11,2.5740747451782227
10.32,2.0371437072753906
10.41,4.043306350708008
8.24,2.238201141357422
12.12,4.4990997314453125
11.0,0.7512130737304688
12.2,1.5982818603515625
10.41,4.739311218261719
8.67,2.8840065002441406
11.06,2.6610679626464844
9.69,1.2180442810058594
10.74,24.932655334472656
11.41,0.08905029296875
8.42,0.4585151672363281
6.69,3.147859573364258
10.3,7.945461273193359
8.06,0.07586669921875
12.23,0.1693248748779297
10.71,0.4798545837402344
11.11,1.5823822021484375
10.41,2.430919647216797
8.56,6.506448745727539
6.5,1.969869613647461
13.81,0.4726524353027344
10.98,0.6026573181152344
11.53,0.1905975341796875
8.64,10.686315536499023
14.2,1.7226409912109375
11.37,2.709789276123047
13.86,2.1102294921875
10.93,9.983028411865234
10.1,11.530223846435547
10.05,1.6662940979003906
11.72,4.985124588012695
9.63,9.874588012695312
11.19,25.529491424560547
9.28,4.256502151489258
10.58,6.646662712097168
13.24,1.5374259948730469
8.27,4.75715446472168
10.44,6.363771438598633
15.0,9.458948135375977
11.41,1.7013740539550781
15.06,1.6465225219726562
10.22,8.868368148803711
8.56,16.52846336364746
10.98,1.8931865692138672
10.97,3.5329437255859375
10.51,0.48577880859375
11.56,2.3711013793945312
9.87,14.881393432617188
13.57,0.5620346069335938
8.86,0.7793083190917969
10.23,2.5690994262695312
13.33,2.7573070526123047
11.15,1.6697311401367188
11.55,1.0703811645507812
11.27,3.7389068603515625
9.69,0.1312427520751953
11.34,7.575641632080078
9.78,6.959981918334961
11.42,2.6702537536621094
13.81,8.69767951965332
12.06,7.840391159057617
10.51,0.44803810119628906
10.83,5.369485855102539
11.55,1.844736099243164
11.87,6.139373779296875
11.66,1.2277069091796875
9.5,5.951620101928711
10.64,1.4498062133789062
0.64,4.34372615814209
10.97,3.2109527587890625
12.07,1.7301597595214844
10.45,0.9047489166259766
10.91,1.1528892517089844
9.74,4.4700775146484375
11.1,3.079984664916992
11.57,1.255950927734375
11.32,0.7276191711425781
10.57,2.3186874389648438
9.49,5.770666122436523
9.78,3.9561290740966797
9.57,3.1259403228759766
11.12,1.2247982025146484
6.85,4.373361110687256
12.03,4.381742477416992
12.28,1.8261032104492188
10.24,2.8338565826416016
10.32,3.2488861083984375
10.51,2.5291709899902344
11.02,6.579692840576172
9.62,8.385053634643555
13.4,6.3441314697265625
10.99,7.7138214111328125
14.9,9.230112075805664
10.97,0.34427452087402344
11.24,2.916919708251953
10.09,0.20845985412597656
10.19,2.669147491455078
11.9,0.17224502563476562
13.6,2.6774559020996094
7.03,2.668198585510254
9.01,3.292226791381836
10.19,9.715768814086914
10.97,1.1033859252929688
8.83,11.523841857910156
10.47,5.801862716674805
6.51,1.9610934257507324
10.94,1.46148681640625
15.49,3.6475830078125
11.52,4.010213851928711
10.28,9.683563232421875
12.33,4.688449859619141
9.33,3.2642345428466797
10.31,2.606241226196289
10.69,4.139453887939453
9.01,4.544210433959961
11.29,6.318599700927734
12.78,0.6605796813964844
14.64,11.747577667236328
10.49,4.093235015869141
10.61,6.00004768371582
14.57,0.8720207214355469
9.71,0.1667003631591797
9.56,7.418571472167969
11.8,4.627300262451172
0.8,4.442410469055176
11.99,2.1819896697998047
6.45,1.5349845886230469
10.63,6.425226211547852
10.81,4.629350662231445
10.4,4.6094207763671875
12.57,3.71099853515625
11.0,4.482431411743164
11.52,1.9744873046875
10.52,2.691539764404297
8.99,7.96782112121582
10.49,2.461273193359375
11.0,2.820636749267578
11.2,4.785131454467773
11.5,3.484264373779297
10.83,6.103036880493164
7.45,4.478464126586914
11.85,4.758155822753906
12.29,2.6281280517578125
11.3,1.9583358764648438
10.52,9.361040115356445
8.47,0.3894672393798828
11.84,8.842782974243164
8.86,3.3291873931884766
6.68,1.3226885795593262
8.13,1.0672922134399414
11.0,4.253145217895508
6.97,4.488826274871826
11.62,6.894908905029297
6.07,1.8051280975341797
15.02,12.731922149658203
10.24,2.380046844482422
10.87,8.298877716064453
6.99,3.8035597801208496
11.04,1.5139961242675781
10.61,14.35230827331543
13.29,0.44371795654296875
10.05,3.261920928955078
10.75,4.092609405517578
10.41,0.6503047943115234
10.16,1.5055046081542969
10.91,1.0809555053710938
12.06,6.139930725097656
10.47,2.123472213745117
6.47,0.9675126075744629
11.6,3.212739944458008
10.58,2.3628883361816406
14.38,8.104721069335938
10.72,0.10771751403808594
14.55,1.9539070129394531
14.29,11.189741134643555
10.91,1.1309490203857422
14.19,0.3160591125488281
10.0,0.6095237731933594
11.47,0.7961654663085938
10.22,10.319000244140625
11.59,5.443637847900391
11.92,1.2143745422363281
10.63,3.5091094970703125
10.89,2.154254913330078
8.35,3.878920555114746
10.08,8.825481414794922
14.14,1.2436370849609375
7.17,4.112809658050537
10.81,3.833036422729492
10.58,3.450714111328125
10.41,2.6121864318847656
10.67,23.38743782043457
10.34,3.0786514282226562
12.36,2.5655250549316406
10.26,18.030155181884766
13.09,2.7909412384033203
10.78,1.9862079620361328
12.07,3.8608837127685547
10.36,1.380411148071289
12.68,2.114225387573242
11.63,0.9184684753417969
10.61,2.3871936798095703
11.74,0.11932754516601562
10.56,5.828153610229492
14.33,10.46640396118164
10.37,0.14568519592285156
10.43,2.538074493408203
10.53,3.4330406188964844
6.7,6.0929083824157715
10.93,4.504852294921875
11.65,4.177148818969727
11.86,14.617094039916992
9.5,4.678525924682617
11.19,2.2159156799316406
11.73,1.631460189819336
13.92,1.4979400634765625
10.68,4.843788146972656
0.57,4.275457382202148
8.57,1.7364015579223633
9.55,17.279468536376953
9.11,5.210887908935547
10.98,11.392196655273438
1.52,4.755379676818848
8.33,1.1207637786865234
10.86,10.274011611938477
10.97,4.886310577392578
10.29,2.289205551147461
9.86,7.037860870361328
11.43,1.368154525756836
11.63,2.6397151947021484
10.98,6.361349105834961
8.83,4.567251205444336
11.64,2.087017059326172
11.69,17.98243522644043
10.11,3.0728759765625
9.48,7.657672882080078
8.85,2.0514488220214844
9.86,0.30155372619628906
10.87,8.522014617919922
10.33,10.268976211547852
12.35,2.9986534118652344
0.96,4.157902240753174
9.52,4.701986312866211
10.83,4.257968902587891
8.3,1.3772315979003906
11.48,2.7090072631835938
9.6,9.026790618896484
8.97,7.647552490234375
11.41,1.2381305694580078
9.87,0.6957359313964844
11.49,2.788961410522461
12.96,0.4093666076660156
13.16,8.457027435302734
12.13,1.4753646850585938
12.01,1.891448974609375
11.34,8.81529426574707
13.88,1.9754714965820312
10.06,2.8047027587890625
9.3,7.055368423461914
13.86,0.580047607421875
10.91,5.485752105712891
11.45,2.3975372314453125
9.85,4.771646499633789
10.01,2.814250946044922
11.43,3.648740768432617
9.41,1.1350078582763672
10.43,0.1472759246826172
8.09,2.7474288940429688
10.21,10.405324935913086
9.27,5.193330764770508
10.79,8.745246887207031
10.57,2.3520984649658203
10.82,4.469335556030273
10.29,2.836172103881836
9.86,3.4231834411621094
10.04,2.32293701171875
11.88,3.0672454833984375
6.78,0.5824069976806641
9.04,8.988021850585938
14.37,8.589672088623047
10.36,3.867504119873047
8.84,5.0713605880737305
11.55,2.5561370849609375
12.04,6.276336669921875
11.52,2.396930694580078
7.15,2.7133522033691406
11.51,4.01972770690918
10.06,2.6096153259277344
13.49,3.3620243072509766
10.34,1.3748550415039062
10.15,1.3413810729980469
10.4,5.440559387207031
9.57,7.6904144287109375
11.25,7.942657470703125
14.32,2.731779098510742
10.7,2.1411590576171875
10.57,1.9453144073486328
8.69,0.6953849792480469
6.99,4.515750408172607
10.53,0.5779037475585938
7.21,2.54622745513916
13.89,1.5756187438964844
10.08,5.321874618530273
11.68,6.59440803527832
9.85,8.769828796386719
11.54,1.3418197631835938
11.62,2.6213912963867188
11.34,1.1880779266357422
12.13,6.2279205322265625
11.02,5.474674224853516
10.69,5.121026992797852
8.64,0.8913478851318359
10.8,6.602666854858398
10.58,7.513250350952148
6.63,5.120328426361084
10.78,0.425689697265625
10.71,2.4027042388916016
9.69,3.067394256591797
9.98,8.842994689941406
14.16,3.9347610473632812
14.27,1.1183662414550781
8.53,7.052453994750977
6.66,0.9870858192443848
7.55,6.326667785644531
10.07,10.157894134521484
7.64,6.418519973754883
12.3,3.7363739013671875
10.58,0.0072612762451171875
7.04,1.1331720352172852
10.19,8.927940368652344
12.47,1.0003280639648438
10.55,10.545076370239258
9.95,5.088136672973633
10.3,2.0430736541748047
11.31,0.200958251953125
10.79,3.9159812927246094
8.77,5.435268402099609
11.97,3.640880584716797
9.9,5.9613800048828125
11.14,1.4974727630615234
11.43,2.351299285888672
10.47,0.5287151336669922
11.2,1.5722789764404297
13.22,3.720062255859375
10.17,1.6008110046386719
10.12,5.321069717407227
11.84,1.7325763702392578
7.05,2.447164535522461
7.12,4.168103218078613
10.84,5.785129547119141
7.69,2.938335418701172
11.4,9.041955947875977
9.58,1.1477813720703125
11.88,0.019123077392578125
12.27,2.9359970092773438
14.5,4.154621124267578
8.39,9.257986068725586
14.34,0.5169868469238281
8.85,16.867996215820312
10.11,9.953710556030273
12.17,6.170352935791016
10.8,0.583404541015625
6.5,2.998201370239258
11.02,4.348606109619141
8.62,0.5893936157226562
9.32,5.379486083984375
11.83,2.479053497314453
8.88,7.427579879760742
11.91,0.9620914459228516
14.06,5.879819869995117
9.89,5.434030532836914
10.99,7.118452072143555
11.61,2.2302379608154297
6.77,5.696004867553711
10.94,6.023063659667969
8.15,0.5098257064819336
11.65,3.1519737243652344
12.37,6.840436935424805
10.44,3.0516891479492188
13.8,0.9335517883300781
10.13,3.8741703033447266
10.23,2.186237335205078
14.44,10.825307846069336
8.28,2.9392242431640625
8.18,2.5584564208984375
12.17,5.426139831542969
9.99,2.7456607818603516
11.63,2.8751373291015625
11.42,2.1230106353759766
11.01,6.077674865722656
9.58,8.599193572998047
10.82,0.3425102233886719
10.32,5.519626617431641
10.23,4.73552131652832
8.2,8.18269157409668
11.02,0.23410415649414062
10.21,1.6289329528808594
11.2,2.2958602905273438
8.77,5.882299423217773
10.73,1.2540779113769531
11.56,4.513904571533203
9.93,0.17550277709960938
11.1,1.8844642639160156
11.29,5.194364547729492
10.11,8.508188247680664
10.66,1.4802322387695312
9.34,2.4388160705566406
12.97,4.871503829956055
11.27,10.562030792236328
10.91,0.11790847778320312
10.26,2.4809436798095703
13.16,1.9102420806884766
15.4,8.848674774169922
12.0,5.7564849853515625
9.46,5.194082260131836
11.09,2.0097885131835938
11.8,7.206916809082031
10.42,3.633197784423828
11.25,3.5835342407226562
10.36,0.14920997619628906
11.66,0.7088527679443359
11.49,4.5738067626953125
13.7,2.274944305419922
13.7,1.9043617248535156
6.76,3.814511775970459
13.74,2.110309600830078
9.04,9.805028915405273
12.01,7.053047180175781
10.92,2.02581787109375
12.19,2.921070098876953
11.36,2.1044692993164062
11.83,3.6877498626708984
10.44,4.284049034118652
10.88,10.049301147460938
14.12,2.95880126953125
10.24,6.013368606567383
8.71,4.512582778930664
11.19,1.9668617248535156
10.11,2.7289180755615234
11.53,0.1982574462890625
11.46,2.086627960205078
11.1,2.5992584228515625
11.58,12.224563598632812
8.13,7.75935173034668
10.88,1.066070556640625
6.81,5.384963512420654
10.64,2.0060672760009766
9.56,6.582849502563477
8.43,3.0342864990234375
6.69,8.29238510131836
11.06,6.691192626953125
11.51,7.386178970336914
12.29,2.6519298553466797
11.52,1.2161216735839844
11.34,1.1999263763427734
11.53,3.445047378540039
9.42,7.876691818237305
11.14,9.465709686279297
9.15,8.96749496459961
9.71,0.3817863464355469
6.67,1.7053213119506836
10.75,2.1742172241210938
11.72,5.589426040649414
6.76,6.444971084594727
7.92,0.642939567565918
11.01,9.36282730102539
12.05,5.714168548583984
8.66,6.573078155517578
11.43,4.038764953613281
10.46,4.495655059814453
9.69,3.1471004486083984
11.32,0.12235069274902344
11.19,24.812236785888672
7.09,4.027047157287598
10.25,12.842233657836914
11.4,7.442127227783203
11.33,7.58294677734375
10.96,0.6426906585693359
11.68,1.5141925811767578
8.6,2.6840667724609375
10.73,9.271190643310547
8.63,10.554214477539062
10.72,8.138328552246094
11.2,6.941484451293945
8.66,9.476491928100586
11.75,14.994401931762695
11.51,3.1050891876220703
11.61,9.38654899597168
11.93,4.130027770996094
9.62,16.88247299194336
12.52,3.5401573181152344
10.19,2.9341964721679688
9.65,2.770984649658203
11.34,1.927694320678711
8.39,1.2240047454833984
10.28,4.367931365966797
14.2,9.948768615722656
10.85,4.485157012939453
10.65,5.703798294067383
12.3,2.7448348999023438
8.67,9.903676986694336
9.26,6.8264617919921875
10.8,1.7787895202636719
11.53,2.624004364013672
11.52,3.6000442504882812
8.5,1.9298992156982422
11.23,3.6195220947265625
6.61,2.403191089630127
11.2,8.67501449584961
9.37,2.117033004760742
14.79,3.002246856689453
10.72,5.411718368530273
8.65,9.732189178466797
8.91,8.092796325683594
11.27,2.185283660888672
10.23,7.619741439819336
11.46,1.5276947021484375
10.29,6.654226303100586
9.12,1.4913768768310547
9.78,5.52263069152832
10.51,3.0628461837768555
9.61,1.8164997100830078
10.14,0.4805431365966797
11.84,1.1655502319335938
9.96,0.25116729736328125
12.18,4.380598068237305
14.09,8.9365234375
14.53,1.1701927185058594
7.98,8.513092041015625
12.57,0.8552436828613281
12.01,6.316287994384766
10.97,1.1756935119628906
6.26,5.971492767333984
12.25,7.323436737060547
9.85,5.27922248840332
12.93,0.9413070678710938
10.07,3.149709701538086
10.35,1.6018829345703125
11.23,3.012054443359375
13.85,0.8974876403808594
11.29,25.639076232910156
10.6,2.511211395263672
11.04,0.08354949951171875
11.44,0.9007301330566406
11.05,1.0122909545898438
9.82,0.3593597412109375
13.12,1.1155204772949219
9.64,15.39822769165039
9.45,4.874502182006836
5.77,19.012123107910156
11.55,11.01772689819336
10.75,2.7875308990478516
11.46,3.746929168701172
11.81,4.444067001342773
14.42,0.14759063720703125
9.6,5.500339508056641
10.15,14.144624710083008
13.78,5.097267150878906
8.64,1.570638656616211
10.55,1.7740192413330078
11.75,8.259733200073242
10.26,2.104856491088867
6.22,0.8939335346221924
12.45,4.764743804931641
9.73,0.7713947296142578
10.28,2.7160186767578125
13.01,0.24650192260742188
10.4,1.2625808715820312
9.72,0.4475288391113281
13.61,4.943159103393555
10.74,4.61363410949707
11.24,3.2520313262939453
13.85,7.040273666381836
10.28,10.281902313232422
11.24,15.988210678100586
11.17,16.434261322021484
9.04,1.1604576110839844
11.91,4.763271331787109
9.71,2.017955780029297
9.96,13.217666625976562
6.3,1.3107757568359375
10.6,0.49889564514160156
14.91,0.5491294860839844
11.18,3.6935997009277344
10.55,4.012842178344727
7.06,6.787176609039307
10.4,10.803201675415039
11.58,0.7665004730224609
6.67,2.485480308532715
10.75,2.811063766479492
10.54,5.975475311279297
13.81,4.048112869262695
14.65,14.178050994873047
11.86,3.459348678588867
11.94,9.9110107421875
14.22,6.378017425537109
11.52,0.4701690673828125
11.51,4.273401260375977
11.43,2.470134735107422
11.1,2.6707611083984375
11.75,17.419679641723633
10.52,7.859716415405273
7.93,2.445585250854492
9.81,16.644004821777344
10.64,9.427749633789062
8.78,2.9913330078125
11.11,0.8558502197265625
11.63,0.6740627288818359
10.32,4.291221618652344
0.75,4.741073131561279
11.83,3.689666748046875
11.31,1.7524070739746094
9.37,3.6317195892333984
6.94,0.825162410736084
11.61,3.1619834899902344
11.55,1.4121990203857422
10.96,3.4068946838378906
13.41,0.3634223937988281
11.2,16.799325942993164
11.3,17.9923095703125
10.51,1.1555328369140625
11.71,7.5940704345703125
11.24,5.791343688964844
10.79,9.851560592651367
14.27,4.73872184753418
13.27,8.270580291748047
9.44,3.675579071044922
10.98,5.750244140625
11.18,2.9320068359375
9.89,7.6752471923828125
6.6,2.5234646797180176
11.84,4.924842834472656
10.25,5.334592819213867
10.26,5.067531585693359
10.53,0.7655677795410156
10.76,3.8930511474609375
12.01,16.780574798583984
10.63,2.7921009063720703
10.42,0.9844741821289062
7.62,0.17573928833007812
10.81,1.2765464782714844
11.12,1.2487716674804688
9.87,1.45587158203125
11.18,2.9130115509033203
12.86,0.7976760864257812
10.18,3.4244155883789062
10.28,2.1858253479003906
12.36,6.281652450561523
14.37,0.8965415954589844
11.69,5.087512969970703
10.32,3.1199378967285156
11.53,3.1578102111816406
10.64,3.92303466796875
11.11,21.070838928222656
10.43,0.33307647705078125
15.25,1.3449440002441406
11.15,1.0326709747314453
11.7,1.8676109313964844
6.51,2.2165703773498535
10.96,2.3850860595703125
11.4,2.554990768432617
14.1,6.960166931152344
10.98,0.21144676208496094
11.33,1.866739273071289
10.86,3.1040267944335938
12.44,6.253833770751953
11.41,7.333873748779297
11.12,1.5400161743164062
11.01,1.167501449584961
13.18,11.481365203857422
11.23,2.0851669311523438
10.44,13.306316375732422
10.4,0.8899822235107422
9.95,3.032196044921875
7.03,3.959277629852295
10.58,5.155582427978516
11.57,2.7343902587890625
10.36,3.1679954528808594
6.77,2.534648895263672
12.49,3.8996448516845703
9.72,3.549539566040039
7.25,3.1859588623046875
13.92,0.08880233764648438
11.74,1.9414043426513672
8.09,2.754138946533203
6.58,2.8577280044555664
13.68,0.6019554138183594
0.72,4.45267391204834
10.39,1.1928939819335938
10.24,5.554800033569336
10.53,4.297643661499023
0.84,5.089315414428711
10.32,2.098175048828125
11.34,1.0173683166503906
11.31,3.7342796325683594
10.5,0.49953460693359375
11.81,23.77297019958496
9.89,2.2399463653564453
10.82,2.7025909423828125
9.79,2.688732147216797
11.01,2.218425750732422
9.25,4.448299407958984
0.73,1.9774224758148193
10.41,0.6174774169921875
10.48,4.364583969116211
10.37,6.447933197021484
15.3,3.091278076171875
10.65,3.824962615966797
15.05,3.719341278076172
10.01,1.7879791259765625
9.54,4.142694473266602
11.23,3.1436691284179688
10.03,1.0902442932128906
12.1,2.9433670043945312
11.76,2.7070999145507812
9.69,3.492107391357422
0.73,2.2234673500061035
7.22,4.906789779663086
11.45,2.4650650024414062
10.05,8.962169647216797
8.26,5.978048324584961
10.56,0.8797664642333984
9.51,0.8649406433105469
11.07,15.637954711914062
10.81,2.2111034393310547
8.48,3.5776500701904297
9.9,3.3106956481933594
7.24,4.085472106933594
9.67,10.762939453125
6.48,2.035707473754883
13.8,6.452274322509766
7.2,2.579191207885742
11.4,3.120746612548828
9.52,2.781923294067383
15.4,8.13140869140625
10.71,5.359735488891602
12.69,2.952014923095703
11.39,4.742372512817383
9.44,4.9118499755859375
10.33,2.365314483642578
13.79,4.672025680541992
9.46,3.7948684692382812
13.96,0.25861358642578125
10.96,2.5339927673339844
11.6,4.889875411987305
11.57,3.6026382446289062
14.88,0.015171051025390625
9.95,10.51075553894043
11.76,2.6607513427734375
10.0,5.910137176513672
11.79,3.7850208282470703
10.82,7.397857666015625
9.13,4.318716049194336
11.7,1.9069557189941406
10.87,6.3142242431640625
10.02,17.468660354614258
11.19,8.879461288452148
6.83,3.4487361907958984
9.37,6.133092880249023
11.82,2.365436553955078
11.53,3.163442611694336
10.22,1.4780521392822266
6.65,5.343202590942383
6.28,0.8468890190124512
7.17,2.1302919387817383
10.86,8.462308883666992
8.63,5.302219390869141
11.14,1.3769264221191406
10.62,13.349380493164062
11.5,1.851858139038086
10.45,3.4010009765625
8.72,10.473512649536133
14.48,3.6251144409179688
9.62,2.5537147521972656
10.29,1.6846065521240234
11.77,2.4160308837890625
11.17,0.3187370300292969
9.66,3.9139862060546875
11.72,3.5082664489746094
13.63,0.9855575561523438
8.49,2.7991485595703125
9.49,0.09358978271484375
11.98,4.04823112487793
11.6,3.748218536376953
10.36,1.6247005462646484
11.09,2.4258499145507812
11.5,4.674566268920898
11.38,3.3884029388427734
14.25,2.624134063720703
13.71,0.9425010681152344
9.64,5.425640106201172
11.05,2.4966087341308594
13.85,1.3367271423339844
9.11,1.2522907257080078
10.3,3.2948551177978516
11.52,1.4065914154052734
12.2,3.4570274353027344
10.25,0.3343086242675781
10.39,0.8130073547363281
10.31,2.26068115234375
11.45,25.934310913085938
7.09,4.626751899719238
8.63,3.4734745025634766
10.3,1.5756378173828125
12.81,0.14297866821289062
8.82,3.7354822158813477
11.21,6.907588958740234
14.16,5.012002944946289
10.91,2.7953357696533203
11.71,4.339555740356445
10.66,9.632246017456055
11.39,0.6562728881835938
9.16,1.9550037384033203
9.6,7.364459991455078
14.85,3.338603973388672
8.4,3.7025318145751953
10.49,9.51645278930664
14.82,9.49295425415039
11.2,12.146465301513672
12.53,2.023883819580078
11.71,2.8697967529296875
11.77,5.028505325317383
10.77,0.2652244567871094
9.24,6.330575942993164
10.55,2.2761306762695312
10.02,1.3464241027832031
6.49,0.840296745300293
11.48,2.146343231201172
6.53,1.1738972663879395
9.95,8.992002487182617
10.03,1.0299034118652344
10.36,0.721527099609375
11.73,3.9785728454589844
13.61,1.2974510192871094
13.7,1.4842758178710938
14.67,3.2521400451660156
11.66,3.635091781616211
11.87,0.9510688781738281
10.27,3.1408119201660156
11.46,1.320882797241211
11.77,0.47552490234375
10.63,5.330406188964844
10.46,1.1505756378173828
9.23,5.859859466552734
10.69,1.3434867858886719
10.36,1.8496284484863281
6.97,4.152376174926758
12.11,4.469758987426758
11.07,8.82349967956543
8.4,2.922628402709961
11.64,2.7102432250976562
11.89,7.151395797729492
10.25,9.842460632324219
10.7,4.086965560913086
10.44,1.0029888153076172
11.36,4.044200897216797
10.64,7.667034149169922
10.65,3.833850860595703
9.3,10.279264450073242
10.33,5.56159782409668
6.17,1.5006084442138672
8.5,7.033842086791992
13.7,0.9036941528320312
10.73,1.4224061965942383
9.81,0.24304771423339844
6.91,3.625589370727539
11.55,0.3657073974609375
9.93,3.7704620361328125
7.4,5.692263126373291
10.59,23.450637817382812
10.72,2.4644718170166016
10.75,7.461027145385742
10.77,8.165061950683594
15.08,2.226757049560547
12.09,5.711082458496094
10.06,0.9217414855957031
9.92,7.751987457275391
11.1,4.310820579528809
10.53,3.5287322998046875
9.28,3.790924072265625
6.76,6.937267303466797
10.14,0.7028484344482422
11.0,2.5477066040039062
13.83,0.9777717590332031
10.93,8.520475387573242
7.57,5.290336608886719
8.09,2.387714385986328
11.77,3.3185653686523438
8.59,5.411397933959961
12.25,1.8086471557617188
10.2,2.609365463256836
10.47,2.6664695739746094
11.92,2.4188003540039062
6.75,1.461745262145996
13.3,7.679277420043945
10.97,5.044086456298828
10.74,3.339670181274414
10.4,6.317388534545898
9.98,1.5847187042236328
10.52,0.9260330200195312
10.65,7.872678756713867
8.73,5.896373748779297
11.42,5.281013488769531
8.37,1.3275070190429688
10.35,2.4074935913085938
11.8,14.222972869873047
14.46,0.4439582824707031
10.26,6.194210052490234
13.4,5.219032287597656
9.88,4.745779037475586
8.77,6.449916839599609
10.83,4.615869522094727
10.47,2.6615867614746094
9.56,4.478427886962891
6.96,3.9276633262634277
9.93,1.8084163665771484
8.7,7.330205917358398
0.62,2.3047869205474854
11.86,4.714288711547852
11.63,15.154951095581055
11.92,2.73583984375
10.1,8.551259994506836
11.77,1.9740352630615234
8.61,5.953279495239258
9.91,3.3552913665771484
11.59,1.9426021575927734
10.77,12.805179595947266
13.23,1.584075927734375
10.08,7.790424346923828
9.01,6.464860916137695
14.24,5.885467529296875
8.98,3.5717391967773438
10.4,2.413776397705078
10.82,8.997724533081055
11.89,1.4471321105957031
12.26,3.146177291870117
9.86,1.0476055145263672
10.41,2.9089508056640625
11.08,4.005805969238281
12.63,3.5732955932617188
11.66,0.9739761352539062
11.26,5.386928558349609
12.07,3.1218185424804688
6.3,0.24642229080200195
12.96,2.1282787322998047
11.83,3.2795467376708984
11.54,6.90422248840332
9.76,0.22399330139160156
10.16,8.967269897460938
11.45,2.0516281127929688
11.19,0.9304733276367188
11.2,0.2831230163574219
8.11,3.5975265502929688
7.59,5.417074203491211
10.75,23.12004852294922
8.9,2.894479751586914
10.65,0.048351287841796875
8.83,9.060688018798828
11.58,1.1371612548828125
11.92,1.6995315551757812
8.86,1.2814712524414062
5.94,7.600203990936279
10.56,5.60484504699707
12.19,6.46282958984375
9.77,1.3802642822265625
10.8,3.436115264892578
11.05,1.81463623046875
10.86,10.88922119140625
8.25,3.939821243286133
10.42,8.128799438476562
10.09,1.6842689514160156
10.7,0.09392738342285156
10.06,0.6747188568115234
12.02,5.959428787231445
13.76,0.7332382202148438
9.96,1.4752521514892578
11.34,6.834230422973633
10.83,0.373199462890625
11.68,3.0254268646240234
11.41,3.957233428955078
10.82,12.90648078918457
15.23,2.6521949768066406
0.54,2.6993801593780518
10.55,5.216407775878906
10.94,0.78759765625
6.74,1.274390697479248
7.9,1.3023662567138672
12.03,2.924213409423828
10.91,3.1217517852783203
8.6,7.028928756713867
11.88,5.876169204711914
11.71,0.8652000427246094
11.34,2.301502227783203
13.97,3.1766624450683594
7.7,0.7423496246337891
8.2,3.4910411834716797
11.36,1.95294189453125
10.35,5.9784393310546875
9.9,3.5876731872558594
9.21,5.651308059692383
8.86,3.1172866821289062
12.72,4.856224060058594
8.99,3.0311412811279297
8.55,6.580883026123047
9.99,2.2650146484375
10.07,1.3375778198242188
6.62,2.356776237487793
9.64,9.755815505981445
10.43,6.067108154296875
7.98,2.264921188354492
10.12,8.091411590576172
10.72,1.6729965209960938
9.71,1.3564796447753906
11.19,2.396728515625
11.67,2.6965675354003906
11.31,7.836935043334961
9.02,8.453746795654297
11.66,2.7537689208984375
10.09,2.6228866577148438
10.27,7.131996154785156
12.85,1.6913433074951172
11.73,1.2024250030517578
11.19,5.171852111816406
10.95,9.009767532348633
11.83,4.630167007446289
11.87,0.7363147735595703
10.64,0.23570632934570312
8.23,4.812280654907227
11.2,8.212162017822266
10.49,10.315206527709961
11.89,0.9605827331542969
10.67,15.223054885864258
13.48,5.850595474243164
11.44,1.0412445068359375
7.92,4.027309417724609
11.66,2.9324188232421875
10.65,2.689769744873047
14.49,15.21639633178711
10.19,4.5696563720703125
0.61,0.8028321266174316
8.22,1.474609375
11.09,16.77304458618164
10.61,9.410690307617188
9.68,0.5248317718505859
10.14,0.6743087768554688
14.7,12.30160140991211
9.48,1.0998239517211914
11.98,4.942834854125977
10.63,9.90692138671875
11.88,0.2918739318847656
11.78,0.10627365112304688
8.58,5.478475570678711
10.93,8.129447937011719
10.55,1.7005634307861328
10.8,6.079837799072266
10.74,0.27623748779296875
11.97,3.6914939880371094
8.49,4.341930389404297
14.12,6.263511657714844
12.17,6.78558349609375
11.86,0.11071586608886719
9.93,4.998626708984375
11.26,1.1795883178710938
11.18,2.359386444091797
10.91,3.4873085021972656
13.27,2.4781227111816406
6.57,2.022118091583252
11.87,1.7517280578613281
10.7,2.924999237060547
10.91,3.301687240600586
11.16,2.92584228515625
9.4,4.527763366699219
7.57,6.533391952514648
10.29,3.6866188049316406
9.79,3.521677017211914
7.28,6.255588054656982
11.95,3.401639938354492
11.52,1.8323326110839844
10.35,8.277976989746094
7.17,5.456990718841553
11.96,5.492647171020508
10.7,1.1934700012207031
12.21,6.155427932739258
11.91,2.963003158569336
10.68,2.976490020751953
11.84,4.620782852172852
11.36,5.346443176269531
8.3,3.9074840545654297
14.08,11.624574661254883
14.71,0.03087615966796875
11.8,0.7299671173095703
10.14,2.7380905151367188
7.22,2.9655628204345703
11.21,2.4129981994628906
10.73,0.36055755615234375
10.34,2.692279815673828
10.69,6.02943229675293
9.84,13.567131042480469
9.85,2.0476226806640625
10.62,0.9661140441894531
11.5,8.52570915222168
9.21,4.204458236694336
10.86,5.588775634765625
11.02,0.6466102600097656
10.26,3.218229293823242
11.13,3.020994186401367
9.95,1.1919498443603516
6.42,0.9614934921264648
11.28,5.638816833496094
10.55,3.449024200439453
6.37,1.370213508605957
9.37,6.6237640380859375
10.87,4.183574676513672
10.59,6.011138916015625
11.62,3.4561538696289062
7.48,5.701620101928711
12.15,3.0790977478027344
10.7,1.2918052673339844
10.85,1.6948833465576172
9.79,0.9497184753417969
11.78,11.705581665039062
10.35,8.447757720947266
10.61,3.621408462524414
10.35,3.722217559814453
10.76,5.1254119873046875
11.71,0.032649993896484375
10.44,5.220989227294922
10.69,2.5511245727539062
14.15,2.330364227294922
10.11,0.5333023071289062
8.81,1.7793159484863281
12.48,1.1872024536132812
10.52,5.49763298034668
9.92,5.294187545776367
11.95,3.124723434448242
9.92,2.2612228393554688
8.88,7.914823532104492
11.46,0.5618610382080078
10.74,6.387472152709961
11.16,1.9018211364746094
10.72,3.530031204223633
6.99,3.0355262756347656
10.21,2.976938247680664
8.62,3.2661056518554688
10.92,3.105356216430664
13.09,0.5035972595214844
10.31,3.100667953491211
8.56,8.348445892333984
11.57,1.5471630096435547
11.55,3.750396728515625
7.32,6.275529861450195
11.71,1.8327751159667969
11.73,8.054943084716797
9.32,2.255617141723633
9.33,5.901311874389648
10.31,3.4284191131591797
0.81,5.495815753936768
8.23,3.900266647338867
11.91,1.947580337524414
13.75,1.8406829833984375
9.51,10.436963081359863
11.79,2.9774513244628906
10.57,2.141408920288086
11.0,0.780426025390625
11.8,2.1769485473632812
10.07,7.887195587158203
11.66,0.0592498779296875
9.49,2.295347213745117
11.61,0.3928985595703125
10.74,1.4922027587890625
10.92,4.646232604980469
11.72,2.651887893676758
15.31,20.583812713623047
1.31,5.284279823303223
10.45,0.8942489624023438
11.54,15.821210861206055
11.94,15.63526725769043
12.54,2.690807342529297
10.08,0.7116546630859375
0.8,4.179416656494141
11.3,3.652050018310547
10.7,0.5969581604003906
10.58,6.634408950805664
11.37,2.308382034301758
11.27,11.763511657714844
11.65,2.4825439453125
10.19,2.766796112060547
11.51,2.2546539306640625
6.83,1.5289950370788574
8.99,4.672969818115234
11.6,4.131280899047852
8.28,1.822260856628418
11.35,4.255123138427734
6.84,6.704143047332764
11.03,5.190761566162109
9.02,8.260608673095703
10.33,1.5805473327636719
10.93,1.5374488830566406
10.71,2.7023277282714844
10.65,3.8389968872070312
11.77,3.3190383911132812
9.26,0.8490486145019531
11.86,3.422943115234375
10.4,3.9313087463378906
7.33,5.514764785766602
10.21,1.8334999084472656
13.51,1.6948471069335938
11.84,5.440303802490234
11.51,0.07878303527832031
10.77,2.298891067504883
10.2,2.6957263946533203
11.48,13.018905639648438
15.32,5.1977081298828125
10.13,3.2816696166992188
10.33,1.8108386993408203
9.89,2.530008316040039
12.54,8.773445129394531
11.18,0.04297065734863281
10.04,13.415634155273438
6.22,0.0027060508728027344
9.64,2.186277389526367
11.46,16.672500610351562
9.78,6.370704650878906
10.59,1.3955307006835938
11.1,1.1656131744384766
10.43,4.364564895629883
11.42,1.0019035339355469
6.45,0.6986532211303711
10.85,4.706022262573242
11.46,0.21185684204101562
12.05,4.010467529296875
7.08,7.161818027496338
7.42,4.937614440917969
10.41,5.147270202636719
9.58,0.9717159271240234
8.99,0.6691455841064453
11.65,0.009891510009765625
10.74,0.4531593322753906
6.9,3.742318630218506
10.24,0.7853355407714844
9.47,0.3206977844238281
14.54,9.275177001953125
11.02,3.7750320434570312
10.34,2.6340904235839844
11.58,3.7960948944091797
9.94,1.7838153839111328
10.88,7.467550277709961
9.0,3.068216323852539
10.19,11.215675354003906
10.4,11.737752914428711
11.63,4.673273086547852
11.28,6.738376617431641
6.77,3.9210119247436523
11.08,0.2700061798095703
10.35,2.2851600646972656
10.52,9.905385971069336
11.51,4.900503158569336
10.1,5.320024490356445
10.25,5.894130706787109
15.19,2.7680091857910156
13.71,0.87548828125
10.21,2.5794219970703125
14.11,8.26584243774414
11.43,0.5645656585693359
11.81,1.2281913757324219
11.17,5.579959869384766
11.72,3.6770076751708984
10.35,8.856800079345703
7.09,3.0596609115600586
11.36,3.558309555053711
3.46,5.627276420593262
11.84,3.1833362579345703
9.76,2.8994483947753906
14.95,9.373443603515625
11.02,6.552013397216797
11.35,2.0592002868652344
11.43,3.7361984252929688
11.68,13.646781921386719
9.98,0.21947288513183594
10.83,3.077678680419922
8.52,4.230308532714844
14.14,0.24673843383789062
11.01,3.5207366943359375
10.8,2.9788875579833984
1.38,8.239094734191895
13.05,6.440624237060547
10.83,1.885995864868164
11.49,1.5909004211425781
12.96,0.6161575317382812
12.1,4.660573959350586
10.58,0.05847358703613281
10.14,2.249654769897461
10.1,11.098897933959961
12.9,7.967172622680664
10.42,4.0034942626953125
13.91,10.943639755249023
8.83,4.843793869018555
14.33,3.1266632080078125
12.15,5.086112976074219
13.4,0.3738822937011719
11.87,2.3371334075927734
12.26,2.2209300994873047
10.42,1.7401485443115234
10.2,0.5576267242431641
10.45,3.4085159301757812
10.25,0.9708023071289062
10.86,1.7478752136230469
10.2,0.8167839050292969
10.19,0.5322036743164062
9.03,9.920604705810547
10.54,3.4547271728515625
10.2,11.248542785644531
10.55,1.7950973510742188
14.38,1.6883697509765625
9.38,4.248689651489258
10.27,2.731355667114258
10.2,2.480958938598633
11.95,13.910377502441406
11.51,0.5838699340820312
7.22,5.575877666473389
0.76,3.8702080249786377
12.21,4.900836944580078
11.19,1.6529541015625
10.49,10.400018692016602
10.24,3.664661407470703
14.72,6.835807800292969
14.47,1.3268508911132812
14.9,0.3632621765136719
9.99,0.7644290924072266
11.57,3.123676300048828
0.65,2.867774248123169
10.42,11.532831192016602
12.21,8.201915740966797
10.41,0.05452919006347656
10.78,0.7383098602294922
10.88,3.2961063385009766
10.28,3.438962936401367
13.8,1.7764701843261719
11.96,3.5819320678710938
11.66,0.2584800720214844
10.79,5.030830383300781
11.04,2.211772918701172
6.4,1.6703925132751465
10.17,7.218776702880859
10.28,8.04205322265625
8.89,4.429599761962891
9.74,4.355939865112305
11.15,1.0335464477539062
10.9,10.564929962158203
8.91,0.6131324768066406
12.44,1.0168190002441406
11.51,2.3344039916992188
11.11,7.951938629150391
6.75,1.8952140808105469
10.57,12.101991653442383
14.82,11.106578826904297
14.4,1.5142021179199219
10.26,7.80836296081543
10.88,2.277730941772461
9.95,1.1221904754638672
7.62,1.8071327209472656
10.95,2.7695560455322266
14.06,0.170989990234375
12.06,0.4365215301513672
8.71,5.299842834472656
6.74,5.972745418548584
10.94,8.111539840698242
10.64,1.3530693054199219
12.29,5.383695602416992
11.08,1.8248634338378906
11.57,3.5522994995117188
8.65,4.085628509521484
6.94,4.034337997436523
13.38,2.426849365234375
9.75,5.587284088134766
10.26,2.7300567626953125
11.66,0.9380455017089844
14.95,7.531194686889648
10.56,0.7492656707763672
9.37,1.4914588928222656
11.76,3.0338516235351562
11.64,2.2628231048583984
11.53,3.5645370483398438
13.45,0.705078125
9.23,6.377532958984375
6.71,2.692474365234375
11.03,2.9977664947509766
10.16,2.6711654663085938
14.22,1.4091911315917969
11.32,4.854913711547852
11.6,3.3449745178222656
10.68,3.683734893798828
9.07,2.9585514068603516
12.01,3.7982635498046875
11.57,5.486738204956055
10.68,4.26722526550293
9.98,1.5405235290527344
12.12,2.2730979919433594
11.04,4.748493194580078
12.63,6.085458755493164
10.46,1.0826530456542969
10.46,2.9888534545898438
10.94,5.610614776611328
11.55,4.795494079589844
8.26,2.6416378021240234
9.2,9.737829208374023
11.32,8.55380630493164
10.67,1.236480712890625
10.99,1.16082763671875
14.05,5.298187255859375
10.04,7.707754135131836
10.28,3.0079689025878906
6.23,1.4945368766784668
14.35,2.9228878021240234
14.03,2.6182022094726562
11.18,6.8083343505859375
12.32,7.019548416137695
14.82,1.1331825256347656
10.51,9.572061538696289
11.76,16.406402587890625
9.18,2.3909645080566406
10.12,3.076976776123047
10.66,0.9721317291259766
10.32,2.8350486755371094
11.05,8.076934814453125
8.93,7.995595932006836
12.17,2.0317859649658203
13.31,2.2302627563476562
10.49,5.660896301269531
10.9,8.657203674316406
6.91,5.437939643859863
10.3,0.7293281555175781
8.9,1.516519546508789
12.16,1.9451713562011719
10.79,9.426867485046387
14.63,0.12211990356445312
11.75,2.955821990966797
10.41,1.3804397583007812
10.74,4.036952972412109
14.49,7.59813117980957
11.73,1.5385360717773438
13.04,8.521400451660156
10.97,9.497392654418945
14.77,8.9991455078125
9.84,4.018939971923828
8.61,10.386693954467773
7.03,3.62624454498291
10.65,1.9316177368164062
12.08,5.229091644287109
10.98,1.9510765075683594
1.27,0.7759823799133301
9.08,0.4631967544555664
0.65,2.077909469604492
9.67,7.493202209472656
11.23,16.37462615966797
7.04,3.328688621520996
9.79,2.549589157104492
6.49,0.41168689727783203
13.36,10.090293884277344
15.34,8.605987548828125
10.52,2.4820480346679688
7.88,0.9088077545166016
10.23,2.3403282165527344
10.39,3.901508331298828
11.11,2.9710769653320312
11.91,3.3469085693359375
9.66,6.254585266113281
9.95,0.10968780517578125
13.01,0.18812942504882812
10.65,5.384830474853516
10.04,8.116477966308594
12.02,0.6596450805664062
12.66,2.6386642456054688
10.59,0.7938194274902344
9.92,6.06719970703125
8.72,2.6298351287841797
11.41,17.692472457885742
10.52,9.143180847167969
11.45,4.090129852294922
10.62,0.8512840270996094
13.61,8.384937286376953
11.89,1.7208137512207031
10.62,0.9104022979736328
12.36,3.4135208129882812
10.65,5.079416275024414
11.58,2.117269515991211
12.32,3.905181884765625
11.6,0.9800777435302734
9.44,4.876308441162109
10.49,2.2544021606445312
11.19,0.6196327209472656
10.22,0.991119384765625
10.67,9.20356559753418
13.06,2.3075942993164062
8.11,3.8419017791748047
11.29,7.157617568969727
11.79,18.833160400390625
12.26,4.0786285400390625
11.8,2.9831466674804688
12.67,2.546916961669922
6.98,8.082536697387695
10.05,1.9877395629882812
6.51,1.2209153175354004
9.95,0.24301910400390625
9.78,2.7036380767822266
8.63,6.408535003662109
10.3,1.0127534866333008
14.17,8.796424865722656
11.73,3.8804988861083984
10.08,0.9087181091308594
10.09,0.6859817504882812
11.12,0.6231117248535156
10.88,10.88673210144043
10.98,4.023733139038086
6.98,6.016282558441162
10.6,0.7222175598144531
11.37,0.6092414855957031
8.75,7.928707122802734
14.79,7.229480743408203
10.93,4.840972900390625
11.71,2.035503387451172
6.83,3.5466389656066895
10.46,7.255228042602539
11.46,1.1863975524902344
9.85,3.4812240600585938
10.97,4.014867782592773
9.84,4.729549407958984
11.92,1.2429122924804688
7.11,7.355972766876221
9.87,4.585668563842773
10.18,6.044672012329102
7.04,5.084667682647705
10.92,0.6688938140869141
12.06,5.009613037109375
8.95,0.5684394836425781
11.27,0.9736499786376953
10.01,6.680461883544922
10.79,0.10145950317382812
10.23,0.705322265625
11.15,1.0768051147460938
8.37,5.617311477661133
14.72,11.388811111450195
10.71,4.117475509643555
10.73,0.06999492645263672
9.46,0.9855480194091797
9.32,1.2435150146484375
14.57,3.924436569213867
9.88,4.5971221923828125
10.91,1.0375938415527344
11.75,5.345884323120117
10.6,4.678350448608398
6.9,4.381648540496826
11.64,5.85919189453125
10.25,8.490119934082031
10.37,4.562593460083008
11.95,0.5288543701171875
10.23,4.640336990356445
11.79,3.135509490966797
8.83,2.6623706817626953
10.97,2.139324188232422
11.04,11.844779968261719
9.93,2.3966522216796875
11.36,3.1163692474365234
11.38,25.497173309326172
9.08,6.50617790222168
9.19,6.4272918701171875
11.34,4.978052139282227
11.13,12.284019470214844
10.21,0.5280914306640625
9.07,1.6185436248779297
11.59,0.4564476013183594
13.9,4.8613433837890625
10.39,0.8437767028808594
11.49,3.522968292236328
11.66,0.09186935424804688
9.5,0.7645425796508789
10.82,9.266048431396484
10.46,4.723541259765625
11.92,6.698936462402344
11.76,15.124189376831055
10.97,0.57257080078125
10.53,7.333965301513672
12.1,1.0883426666259766
10.86,2.736978530883789
9.43,7.39910888671875
11.38,1.8299484252929688
9.82,0.6580009460449219
10.73,2.9528141021728516
10.54,1.4767875671386719
10.72,3.1775856018066406
0.66,4.536807060241699
6.39,6.265118598937988
12.24,5.750978469848633
13.24,3.4102401733398438
8.81,2.919942855834961
10.09,3.9601383209228516
10.33,1.0256462097167969
12.26,1.3833656311035156
9.98,5.110849380493164
13.25,3.1777572631835938
9.88,8.624917984008789
11.12,2.352506637573242
11.44,3.3743553161621094
11.32,6.669939041137695
9.52,5.243371963500977
10.93,2.1235294342041016
10.8,3.3482189178466797
12.03,4.114204406738281
0.49,2.7820987701416016
11.87,2.8770294189453125
13.11,14.481904983520508
11.12,5.214149475097656
10.03,9.25643539428711
9.76,0.5201148986816406
11.73,9.78402328491211
12.2,4.572925567626953
7.2,4.1519622802734375
10.54,10.532085418701172
11.69,3.5459556579589844
10.49,0.1819629669189453
6.52,0.608546257019043
10.49,6.105434417724609
12.15,6.419694900512695
9.73,0.20080184936523438
10.63,0.4407672882080078
10.22,5.207324981689453
6.79,0.7948508262634277
11.33,0.10063552856445312
10.14,2.3263893127441406
11.0,4.817081451416016
9.9,8.749462127685547
10.81,0.12634658813476562
10.19,3.398305892944336
10.8,21.242549896240234
13.49,0.30016326904296875
11.48,2.628509521484375
10.95,1.8536033630371094
10.61,0.7593917846679688
10.44,4.344808578491211
11.48,1.9638805389404297
9.91,1.1278247833251953
11.03,5.726385116577148
10.71,4.541847229003906
8.25,1.7834644317626953
9.46,8.505876541137695
10.64,3.6241455078125
13.45,1.3961257934570312
14.54,1.1871185302734375
11.74,3.7674694061279297
11.5,2.9684295654296875
12.17,9.271936416625977
11.43,0.5884132385253906
10.3,2.686267852783203
7.01,5.268973350524902
8.17,0.22212600708007812
13.98,1.7666816711425781
10.29,1.8732891082763672
10.16,0.5558948516845703
11.09,1.8597984313964844
11.97,3.5212936401367188
14.16,4.605159759521484
10.44,2.865457534790039
8.54,0.8267002105712891
0.6,5.357666492462158
10.59,4.793617248535156
10.49,2.694164276123047
12.67,1.13018798828125
9.66,11.036432266235352
12.81,4.127099990844727
11.59,0.7556724548339844
11.04,3.0204715728759766
10.54,11.617382049560547
10.75,8.176349639892578
12.1,2.8799514770507812
11.18,2.1392822265625
10.47,0.47721099853515625
11.5,1.6880989074707031
13.92,0.9234657287597656
10.85,0.2412872314453125
11.36,2.1623153686523438
10.46,2.6031036376953125
15.15,7.326913833618164
14.1,0.7086944580078125
9.99,11.775253295898438
7.69,5.992903232574463
11.37,0.8054847717285156
10.28,3.649394989013672
6.62,1.264200210571289
11.12,0.07927894592285156
9.56,0.05383110046386719
10.53,2.630340576171875
10.63,3.352672576904297
13.59,3.180500030517578
8.13,3.553468704223633
13.57,1.9699134826660156
10.34,5.247503280639648
8.97,0.15344715118408203
10.65,3.4271888732910156
10.18,10.1241455078125
10.39,2.6057605743408203
11.72,5.4015045166015625
9.19,5.490434646606445
10.88,11.22396469116211
6.58,0.7786226272583008
14.31,6.761892318725586
10.98,4.680011749267578
12.62,2.022705078125
12.14,8.698089599609375
10.18,5.449522018432617
7.94,0.4848918914794922
11.97,1.9221649169921875
13.49,4.779613494873047
7.01,2.4775352478027344
9.56,8.382709503173828
8.97,3.238628387451172
9.11,5.07148551940918
10.09,1.1576175689697266
9.0,7.393548965454102
7.15,3.1439123153686523
8.83,7.023593902587891
9.9,3.7501869201660156
9.55,1.8451919555664062
10.28,0.07740402221679688
10.24,2.949392318725586
11.41,4.281354904174805
8.88,6.33354377746582
10.22,2.9513416290283203
11.39,2.3348960876464844
11.68,1.8357353210449219
10.52,2.2870044708251953
15.0,8.243881225585938
11.03,0.012182235717773438
14.94,18.61480712890625
9.85,11.61044692993164
7.83,1.6949882507324219
10.47,3.584606170654297
12.0,4.497533798217773
11.4,3.583362579345703
10.25,5.010534286499023
10.24,6.57398796081543
10.5,5.330669403076172
10.95,2.6260299682617188
9.99,6.623687744140625
12.19,4.660179138183594
9.34,1.7779617309570312
11.94,3.0278053283691406
10.78,3.0702362060546875
11.86,4.660518646240234
6.83,3.1351280212402344
13.1,0.569091796875
9.45,7.49363899230957
7.64,2.8333206176757812
11.67,3.9781627655029297
14.53,3.8587379455566406
9.42,0.9962034225463867
8.63,7.968662261962891
12.07,5.073369979858398
10.56,20.4879093170166
8.5,7.054094314575195
11.41,1.7415122985839844
6.65,0.7929706573486328
9.87,1.6469898223876953
8.62,4.011039733886719
10.31,1.2552413940429688
10.18,2.769529342651367
6.69,1.0225739479064941
9.67,0.19985389709472656
10.15,0.3759574890136719
10.01,1.383819580078125
11.83,0.9279003143310547
7.31,5.193202018737793
11.15,2.6221694946289062
9.63,1.322336196899414
11.44,1.4541587829589844
10.32,6.256374359130859
9.27,6.551448822021484
11.12,8.062978744506836
10.45,4.947566986083984
10.15,6.981294631958008
10.69,7.201501846313477
10.34,4.049839019775391
10.02,7.3300628662109375
11.55,2.898090362548828
11.01,0.2240753173828125
11.69,1.1661491394042969
7.22,4.523535251617432
11.63,10.235870361328125
12.79,0.6763191223144531
10.39,1.3313045501708984
8.97,0.6898460388183594
10.42,1.3375434875488281
9.71,10.915946960449219
11.16,0.86370849609375
10.57,2.7430286407470703
11.16,5.8373260498046875
14.88,5.3855743408203125
10.05,2.4677391052246094
10.71,9.054119110107422
10.42,3.74462890625
11.16,0.6685218811035156
12.77,5.609855651855469
9.97,4.173643112182617
10.42,4.760078430175781
11.19,4.38401985168457
10.94,5.128171920776367
10.43,2.556835174560547
12.5,0.7164058685302734
8.53,4.803030014038086
11.83,3.2141456604003906
14.65,0.8367843627929688
12.34,1.4554710388183594
10.01,2.681324005126953
14.4,12.373779296875
10.74,9.72146224975586
11.15,0.6071319580078125
10.2,4.267078399658203
10.22,0.048290252685546875
10.2,4.185794830322266
11.23,16.434833526611328
11.65,0.3125648498535156
10.93,4.187358856201172
7.76,0.6989555358886719
11.1,6.310590744018555
8.37,5.472084045410156
9.9,2.290922164916992
11.07,3.470531463623047
10.26,10.381864547729492
10.18,3.5989532470703125
10.98,5.674985885620117
10.69,7.309719085693359
10.99,10.887706756591797
9.07,6.070110321044922
10.69,7.982339859008789
10.38,2.6821556091308594
9.34,2.248870849609375
10.41,1.2919807434082031
14.42,1.1910667419433594
10.56,1.4970264434814453
13.86,6.913856506347656
10.94,4.392958641052246
10.68,4.189367294311523
11.14,1.6197586059570312
7.11,4.365364074707031
8.28,2.4490013122558594
10.2,7.369407653808594
10.47,9.318965911865234
8.7,10.653328895568848
10.52,1.2613410949707031
11.85,6.195606231689453
10.36,0.7106781005859375
12.17,1.7085189819335938
10.35,1.4984855651855469
13.52,5.7791900634765625
9.8,2.9576168060302734
10.55,5.540727615356445
9.87,4.574455261230469
10.05,0.1170806884765625
12.29,1.7028388977050781
9.77,16.152694702148438
12.09,3.398113250732422
14.25,0.4220771789550781
9.81,1.7145671844482422
8.79,7.3418426513671875
11.71,2.7291908264160156
1.15,1.779639720916748
15.2,5.331569671630859
10.27,6.385433197021484
9.54,0.10446548461914062
11.05,1.7131576538085938
11.11,4.912710189819336
11.52,6.964849472045898
15.1,7.818256378173828
12.88,1.0012550354003906
11.73,2.8892593383789062
14.86,0.8311309814453125
10.91,4.54792594909668
10.09,4.105998992919922
11.85,2.9990482330322266
10.53,9.860488891601562
0.73,3.6152701377868652
10.08,2.6916580200195312
11.56,2.4487457275390625
7.97,2.244810104370117
7.3,4.17337703704834
8.69,4.254344940185547
10.1,6.16290283203125
10.97,4.887992858886719
10.65,11.744401931762695
9.96,5.412090301513672
12.09,0.382080078125
10.95,1.5671501159667969
10.33,5.56219482421875
11.8,2.0468368530273438
10.7,0.7257728576660156
10.61,0.4044837951660156
8.98,0.3299903869628906
9.93,3.143291473388672
11.41,1.2514266967773438
10.44,2.100963592529297
11.57,2.820585250854492
10.74,1.0260791778564453
11.76,4.395000457763672
10.53,3.6777420043945312
13.78,4.004558563232422
8.75,2.6865615844726562
10.82,8.849567413330078
10.57,0.5690841674804688
0.71,4.633869171142578
7.25,4.34593391418457
10.9,2.3387813568115234
11.07,1.0415668487548828
10.91,2.066303253173828
11.56,3.000446319580078
14.57,13.478565216064453
10.65,2.111326217651367
8.72,6.15919303894043
10.43,3.9594249725341797
10.66,4.382762908935547
9.92,5.4741058349609375
11.02,0.2291393280029297
10.86,8.514200210571289
15.32,7.066457748413086
10.36,10.320196151733398
6.83,3.2537031173706055
14.0,2.015270233154297
11.99,8.008472442626953
9.26,10.032205581665039
11.03,3.250316619873047
10.3,5.1640424728393555
10.8,3.59326171875
10.27,15.597307205200195
10.95,1.8111305236816406
6.36,1.6788859367370605
9.57,2.687429428100586
10.25,2.7200088500976562
9.81,1.4748268127441406
11.12,1.4405746459960938
10.66,4.985395431518555
9.03,7.857446670532227
15.2,18.238224029541016
11.65,3.271209716796875
11.07,0.9299030303955078
10.33,2.7626781463623047
7.89,12.58205795288086
9.21,10.45220947265625
10.71,5.128326416015625
11.29,4.822406768798828
12.21,0.32684326171875
10.95,0.8244743347167969
8.27,2.7802658081054688
10.06,4.161371231079102
10.93,4.717708587646484
10.86,9.762821197509766
12.05,4.350677490234375
9.79,1.7155227661132812
13.96,1.80657958984375
11.46,4.540557861328125
2.57,2.9172611236572266
11.33,2.2655296325683594
8.79,4.459552764892578
9.27,9.683326721191406
11.84,1.9839134216308594
11.96,4.897579193115234
10.98,0.14751052856445312
9.95,0.18366432189941406
13.36,4.914493560791016
10.43,4.017024993896484
11.99,3.3388118743896484
11.45,2.2389392852783203
11.93,4.287132263183594
10.9,0.9153823852539062
14.99,2.2599449157714844
10.88,5.11461067199707
10.82,3.75286865234375
0.6,3.9208171367645264
11.22,15.164079666137695
11.55,2.3024959564208984
8.33,5.921342849731445
10.8,0.70458984375
6.97,5.129995822906494
9.76,1.4160118103027344
9.48,4.7528228759765625
6.71,7.401945114135742
10.37,0.9231681823730469
11.7,1.2543621063232422
12.08,6.113981246948242
10.15,3.300748825073242
10.31,3.5918846130371094
6.44,5.662358283996582
10.56,6.39967155456543
9.65,4.463531494140625
12.5,0.9557838439941406
11.08,15.896875381469727
11.25,13.93345832824707
6.2,9.185205459594727
10.43,2.1001625061035156
11.83,3.278240203857422
10.83,0.42114830017089844
0.58,5.603448867797852
14.15,4.061286926269531
11.99,3.8831825256347656
8.06,3.142136573791504
8.71,0.9761981964111328
11.76,2.489429473876953
8.69,3.9523677825927734
11.63,2.199756622314453
9.13,8.807872772216797
6.92,1.5609769821166992
11.33,7.684051513671875
10.63,5.337053298950195
11.99,3.3836898803710938
10.96,5.555461883544922
10.47,7.251152038574219
10.43,0.833587646484375
10.94,2.1336822509765625
11.21,3.0581207275390625
10.26,4.199670791625977
11.78,3.1766128540039062
11.73,2.018115997314453
11.47,1.8015937805175781
10.43,2.818819046020508
10.9,3.779468536376953
10.34,0.9891548156738281
10.86,21.912364959716797
11.29,1.9842262268066406
8.2,0.7541007995605469
11.05,10.452728271484375
9.34,5.17193603515625
10.73,4.347042083740234
11.53,2.294252395629883
12.11,6.782783508300781
8.43,2.037260055541992
9.8,0.3625144958496094
10.64,4.733613967895508
10.29,12.69290542602539
9.78,8.658332824707031
7.79,5.658685684204102
11.06,5.068086624145508
10.39,3.221721649169922
11.53,0.7833595275878906
10.77,1.5787153244018555
6.46,1.4450764656066895
7.12,1.1716928482055664
10.69,1.2090339660644531
9.93,8.855384826660156
10.03,4.799928665161133
11.78,0.73919677734375
9.88,1.7382850646972656
8.97,12.520084381103516
10.68,3.2540578842163086
9.54,3.6849212646484375
7.25,1.3843145370483398
10.04,0.001552581787109375
11.76,4.411310195922852
10.28,3.0775508880615234
13.89,4.958213806152344
10.36,5.7180328369140625
11.62,0.26091575622558594
13.82,0.2639122009277344
11.29,0.3999500274658203
8.53,0.9374809265136719
0.89,4.515620231628418
10.58,3.6605701446533203
10.4,3.9359512329101562
11.84,4.116418838500977
10.76,3.9883460998535156
8.72,6.516519546508789
11.17,1.9001007080078125
9.65,0.39829444885253906
10.76,6.99798583984375
10.65,0.3898487091064453
10.35,2.5017013549804688
10.56,9.523447036743164
10.54,3.100505828857422
11.06,4.463323593139648
11.26,1.7012977600097656
8.6,2.867755889892578
10.38,4.590543746948242
9.99,4.1256256103515625
10.49,3.648040771484375
8.98,4.512233734130859
0.92,3.8811802864074707
11.7,5.940309524536133
10.66,5.392608642578125
9.0,9.300758361816406
9.53,6.428291320800781
8.81,5.760358810424805
10.93,1.1834373474121094
9.39,6.619976043701172
13.71,5.020481109619141
9.47,9.646379470825195
10.66,6.055381774902344
11.77,3.2198715209960938
11.03,0.6571197509765625
11.75,3.0462608337402344
10.98,3.4236717224121094
6.6,4.722071647644043
10.52,3.5552597045898438
11.11,5.049816131591797
11.88,4.748964309692383
11.06,12.577102661132812
11.68,5.626369476318359
0.52,2.821561574935913
10.62,2.3911590576171875
9.88,11.18031120300293
11.5,1.6956634521484375
10.72,1.5003471374511719
4.36,1.7694287300109863
8.34,1.8259296417236328
1.35,3.8802380561828613
6.87,0.9362006187438965
10.66,1.9222030639648438
11.66,2.746967315673828
11.84,5.611968994140625
11.48,0.308258056640625
13.85,5.817621231079102
9.78,8.369100570678711
10.79,4.855571746826172
10.68,11.145591735839844
11.77,5.135587692260742
11.05,0.6048851013183594
11.57,4.289829254150391
10.05,2.213960647583008
10.16,0.6508674621582031
10.04,4.326576232910156
10.27,0.6895294189453125
8.12,0.4658689498901367
9.59,4.66534423828125
10.17,9.433137893676758
7.21,3.369485855102539
11.6,1.7617950439453125
14.11,1.1288909912109375
9.64,1.0896797180175781
10.15,5.397930145263672
14.53,13.134000778198242
13.31,6.390880584716797
7.79,1.3165721893310547
10.06,0.1357574462890625
10.14,4.342037200927734
15.26,2.6044540405273438
10.2,9.511543273925781
10.72,3.2117481231689453
12.08,4.691936492919922
11.26,1.5666370391845703
10.75,4.791400909423828
9.27,9.844263076782227
10.79,7.754173278808594
11.34,0.7516899108886719
12.91,1.6824073791503906
9.16,8.199287414550781
6.98,5.723091125488281
15.03,8.215341567993164
9.83,17.509639739990234
10.55,4.186981201171875
12.08,2.265218734741211
8.64,3.6838035583496094
12.82,10.795722961425781
11.39,2.6440582275390625
10.53,2.9976425170898438
11.79,1.9732494354248047
9.58,4.44914436340332
10.92,0.23752593994140625
10.95,0.8043365478515625
9.78,2.9348621368408203
9.84,2.2104721069335938
9.8,2.590719223022461
10.53,0.8505706787109375
10.63,2.3047542572021484
8.7,8.394643783569336
10.69,1.4620513916015625
10.65,8.562881469726562
11.01,2.3538570404052734
11.16,5.34075927734375
10.28,5.683767318725586
11.49,3.108654022216797
11.34,3.0065860748291016
12.63,3.608531951904297
10.81,0.9468212127685547
11.2,3.4597549438476562
10.77,1.9506683349609375
10.84,19.680187225341797
10.21,0.15156173706054688
10.4,7.280004501342773
10.2,4.6280670166015625
11.99,4.792308807373047
15.16,3.3759918212890625
10.35,3.132457733154297
11.14,5.603422164916992
10.66,1.8800182342529297
11.65,4.534923553466797
11.64,5.186256408691406
10.77,3.4364356994628906
11.24,2.869098663330078
12.37,3.6857643127441406
8.69,2.908660888671875
10.43,10.089038848876953
11.09,5.117164611816406
12.11,6.986572265625
9.61,9.80728530883789
12.02,3.3572731018066406
9.84,16.643333435058594
11.62,1.7403240203857422
10.13,8.07345199584961
13.95,1.9596519470214844
11.19,5.582912445068359
9.82,10.555347442626953
11.06,1.2087974548339844
5.99,7.511665344238281
10.95,2.488201141357422
11.75,1.0353260040283203
6.55,3.5695619583129883
10.95,0.3664283752441406
10.3,5.166358947753906
11.81,4.205678939819336
11.01,1.2502822875976562
11.31,13.404338836669922
10.75,3.6948413848876953
8.99,8.315187454223633
15.02,9.367908477783203
10.8,2.316864013671875
8.93,5.071077346801758
10.64,7.308393478393555
9.32,14.977630615234375
11.32,5.835027694702148
15.53,9.841175079345703
10.22,7.737616539001465
10.59,5.837749481201172
10.93,3.0172805786132812
10.71,1.5659103393554688
10.49,3.7401390075683594
8.32,2.94757080078125
11.3,4.749916076660156
11.79,13.91390609741211
11.19,0.9466667175292969
6.52,1.2445611953735352
11.05,4.216550827026367
10.92,8.372447967529297
14.05,1.3529548645019531
8.71,5.60301399230957
10.26,8.65029525756836
11.77,1.7437000274658203
10.87,6.833837509155273
10.26,3.1642627716064453
11.47,2.080108642578125
12.99,10.927606582641602
10.25,0.49658966064453125
8.54,0.9299564361572266
11.85,2.2877750396728516
10.95,0.8402862548828125
11.32,2.3322086334228516
6.93,2.617049217224121
10.65,6.553155899047852
10.38,3.7933387756347656
10.0,3.6266136169433594
9.99,0.22850418090820312
11.65,0.5815296173095703
11.57,6.61854362487793
10.35,2.3806209564208984
8.84,2.955533981323242
13.88,0.5725669860839844
11.19,0.556365966796875
12.46,2.9129486083984375
10.47,4.405683517456055
8.22,3.5748729705810547
12.47,3.190837860107422
11.57,26.69446563720703
8.75,0.304840087890625
8.08,2.259798049926758
10.33,9.278520584106445
8.13,4.275976181030273
11.15,2.7114524841308594
11.72,5.576057434082031
0.85,2.2125439643859863
9.69,7.9465789794921875
9.92,17.448060989379883
9.12,10.804098129272461
10.68,1.3732337951660156
11.4,18.06576156616211
11.33,14.781314849853516
10.23,1.3781623840332031
8.83,4.058330535888672
10.32,5.532489776611328
10.72,0.7150650024414062
10.26,0.5800933837890625
10.63,14.018522262573242
9.55,0.24029922485351562
10.65,0.42220497131347656
10.1,12.11819839477539
10.93,8.693401336669922
10.51,1.6891002655029297
7.08,3.8349952697753906
10.96,16.744455337524414
11.64,3.0901527404785156
10.5,2.551471710205078
10.21,0.7457809448242188
10.98,0.4514751434326172
10.27,4.5429534912109375
10.58,3.4754581451416016
10.45,5.553730010986328
7.45,4.738688945770264
9.61,6.753862380981445
10.4,3.7302284240722656
10.89,1.5955524444580078
11.09,2.6487293243408203
10.31,0.8435211181640625
10.96,5.585111618041992
8.48,3.5816097259521484
10.36,8.12893295288086
9.38,4.7913970947265625
10.86,0.6356697082519531
10.46,0.2525367736816406
10.1,8.377300262451172
11.19,4.703161239624023
10.93,6.708610534667969
10.06,2.6866626739501953
10.53,0.9984645843505859
10.11,2.158693313598633
10.69,3.983135223388672
15.65,1.6841201782226562
10.32,1.5706825256347656
6.24,0.7493433952331543
12.78,1.3913745880126953
11.53,2.3601913452148438
13.45,0.9007949829101562
11.96,3.835294723510742
11.35,2.6370697021484375
9.35,7.212238311767578
12.19,4.121559143066406
13.57,1.2197952270507812
10.77,3.159700393676758
10.43,4.069208145141602
9.46,0.34845924377441406
11.76,1.1526031494140625
11.85,8.526975631713867
11.05,1.5957279205322266
10.79,0.54241943359375
11.81,9.544933319091797
10.13,4.692859649658203
7.16,5.294498443603516
15.0,13.685310363769531
11.5,3.963764190673828
10.9,9.447769165039062
10.42,1.5191154479980469
10.3,3.4935264587402344
11.6,6.032932281494141
10.58,0.9631671905517578
10.7,5.299690246582031
12.17,0.7934226989746094
10.15,5.066295623779297
10.95,5.726625442504883
13.67,0.24486160278320312
10.95,1.5864753723144531
11.2,1.3848457336425781
8.49,3.827177047729492
10.07,1.1915435791015625
10.18,1.8363761901855469
10.41,0.9436092376708984
11.59,2.6976451873779297
11.71,16.062185287475586
9.88,8.820110321044922
11.62,1.1564064025878906
9.09,4.256824493408203
14.57,7.194475173950195
12.03,3.2542247772216797
11.65,3.361146926879883
11.16,1.4430274963378906
14.62,10.602470397949219
8.47,3.843914031982422
9.37,2.876729965209961
10.43,1.0411529541015625
14.95,5.9824066162109375
10.53,6.362781524658203
7.1,5.626189231872559
8.62,3.815460205078125
10.68,1.6219825744628906
10.1,8.534915924072266
11.48,1.7800617218017578
10.37,2.467622756958008
11.62,4.698322296142578
10.73,0.4002418518066406
12.27,4.878879547119141
9.32,2.727466583251953
12.13,6.22620964050293
10.4,7.938961029052734
10.92,0.9218463897705078
10.38,9.791093826293945
9.82,4.726993560791016
11.34,0.6588096618652344
12.83,3.850545883178711
10.37,3.6910953521728516
10.01,0.2295665740966797
7.13,2.4246721267700195
10.82,5.611749649047852
0.6,5.585519790649414
10.88,4.099514007568359
14.74,2.9819068908691406
10.51,5.515010833740234
12.12,3.815563201904297
11.83,3.4561195373535156
13.89,1.6918144226074219
11.42,1.1710472106933594
9.3,9.248071670532227
11.21,1.0439872741699219
6.65,3.504788398742676
7.67,0.48544788360595703
9.01,10.024009704589844
6.41,3.297161102294922
8.73,2.866363525390625
10.9,5.715738296508789
10.75,3.656280517578125
9.31,7.101112365722656
10.87,10.031532287597656
7.18,5.346181392669678
10.71,0.8184223175048828
13.08,2.4920005798339844
11.96,4.779552459716797
10.33,7.338985443115234
11.42,1.6162681579589844
8.85,9.132707595825195
11.46,2.4498977661132812
10.85,3.9129371643066406
7.03,3.59694766998291
10.7,7.160440444946289
14.6,8.324054718017578
9.8,9.267034530639648
10.59,0.3613853454589844
9.68,1.022481918334961
8.94,2.4002304077148438
10.37,6.307382583618164
6.76,3.3555660247802734
10.85,6.770450592041016
6.32,0.2598552703857422
11.78,2.4456958770751953
10.08,2.4453468322753906
10.55,1.9023971557617188
9.75,0.3294830322265625
11.25,0.95025634765625
11.51,9.328292846679688
1.65,2.8876729011535645
6.61,3.3407015800476074
10.79,5.786396026611328
13.07,0.7516670227050781
8.48,0.7552785873413086
11.67,2.497661590576172
11.82,6.438747406005859
9.23,7.057277679443359
10.06,4.619110107421875
10.96,3.382823944091797
8.86,9.585968017578125
11.25,1.2103538513183594
10.4,1.2539749145507812
10.75,10.67654800415039
10.29,5.041669845581055
11.74,4.05120849609375
8.79,4.256080627441406
9.64,9.467466354370117
10.77,3.407712936401367
11.72,5.760950088500977
7.17,2.557790756225586
7.5,3.112870216369629
9.53,1.0294151306152344
10.71,2.2797775268554688
14.71,3.242237091064453
9.91,0.7202873229980469
11.77,3.1189746856689453
11.23,0.8443794250488281
10.11,3.856597900390625
10.42,3.795248031616211
10.63,1.2496337890625
10.4,6.634471893310547
11.21,5.686283111572266
10.95,2.430755615234375
14.32,13.946882247924805
9.78,13.701881408691406
11.05,0.5999774932861328
8.29,2.7294044494628906
14.13,3.021564483642578
14.41,3.125774383544922
11.41,3.926177978515625
11.17,5.331483840942383
9.49,7.90690803527832
11.89,3.2653350830078125
10.21,2.5059032440185547
13.38,6.92742919921875
10.4,5.45086669921875
10.47,4.967555999755859
12.23,0.692901611328125
10.49,7.953001976013184
9.98,3.4096717834472656
10.98,4.191059112548828
10.78,11.12325668334961
11.66,18.039932250976562
10.86,7.21558952331543
11.73,5.052549362182617
11.42,9.009223937988281
11.0,8.3560791015625
10.57,12.365499496459961
9.99,6.896892547607422
9.44,0.3835277557373047
15.01,2.439208984375
10.52,2.4790496826171875
10.18,0.8005332946777344
11.7,0.5760498046875
11.41,7.942783355712891
9.54,5.049991607666016
12.38,0.7663917541503906
12.73,1.9545249938964844
10.13,8.3258056640625
12.05,6.022312164306641
12.09,16.376222610473633
11.78,0.7586994171142578
10.52,23.112930297851562
11.43,3.7446327209472656
11.78,6.951150894165039
7.03,5.206534385681152
6.97,4.103029727935791
10.56,2.3254547119140625
9.98,5.421281814575195
10.32,2.162405014038086
11.32,7.149312973022461
11.01,0.42152976989746094
10.37,8.585689544677734
9.71,1.178030014038086
11.53,5.496192932128906
13.67,7.55157470703125
9.19,7.626739501953125
9.86,6.8149871826171875
10.56,11.995643615722656
11.6,0.803466796875
11.52,3.186044692993164
11.0,1.8381423950195312
9.05,4.941558837890625
9.3,10.405914306640625
9.91,7.511781692504883
11.56,3.0017852783203125
9.12,3.7879371643066406
10.53,5.46428108215332
10.04,10.180461883544922
14.4,0.11341094970703125
11.8,5.933567047119141
13.03,2.2237987518310547
11.14,1.1615257263183594
9.69,0.3450202941894531
11.13,1.2658462524414062
12.62,1.086324691772461
8.85,0.32560157775878906
10.55,3.3510704040527344
11.66,1.4402008056640625
11.79,0.07701301574707031
14.65,1.1285629272460938
10.01,7.5641937255859375
10.74,0.14686965942382812
11.5,2.8149337768554688
7.71,10.658798217773438
10.99,0.26367759704589844
9.51,6.430292129516602
9.74,2.5156421661376953
14.18,7.829463958740234
11.8,4.152462005615234
10.34,3.866443634033203
8.3,0.40143680572509766
10.21,1.804269790649414
12.97,13.297428131103516
11.69,1.1340484619140625
11.57,2.0254955291748047
9.9,0.6732387542724609
11.76,2.684906005859375
11.08,0.3839263916015625
6.44,1.397202491760254
9.39,9.588970184326172
10.47,1.0644798278808594
10.54,2.7518386840820312
12.12,7.158197402954102
10.5,6.279363632202148
11.68,3.5556640625
11.77,7.11909294128418
9.68,3.515501022338867
10.66,11.717584609985352
14.2,7.617393493652344
13.55,0.5958023071289062
10.76,5.497298240661621
10.83,0.5444793701171875
10.58,8.571538925170898
10.65,7.541645050048828
13.32,3.8930740356445312
10.7,4.012725830078125
8.36,3.220407485961914
13.44,1.4538383483886719
7.23,1.1687297821044922
10.21,3.1096019744873047
14.09,1.6974601745605469
12.08,1.7873897552490234
10.17,1.4112548828125
14.46,6.243951797485352
12.87,4.290121078491211
9.64,0.12676239013671875
11.42,0.13881301879882812
10.79,5.484092712402344
11.25,8.841899871826172
0.66,2.5339488983154297
11.28,2.0155811309814453
10.27,4.158943176269531
9.41,4.381660461425781
10.3,0.15433120727539062
11.39,2.965425491333008
10.49,4.176584243774414
11.56,1.4851760864257812
8.95,5.323957443237305
14.7,11.617609024047852
13.71,2.238597869873047
12.95,4.241415023803711
14.85,1.6574325561523438
7.08,3.9807868003845215
11.66,3.118471145629883
11.6,0.5964679718017578
11.27,1.2992706298828125
10.07,9.593301773071289
13.34,1.7398490905761719
9.44,2.1568431854248047
11.91,0.17383766174316406
12.78,2.9996986389160156
11.1,1.7386856079101562
10.71,9.408365249633789
10.61,3.3812522888183594
9.98,4.416841506958008
11.15,6.942771911621094
11.83,0.8497333526611328
9.71,0.5711669921875
12.13,6.511323928833008
11.4,3.112447738647461
9.69,13.685223579406738
6.75,2.751699447631836
9.74,4.656223297119141
10.61,0.7839260101318359
14.5,9.32249641418457
10.0,5.631824493408203
7.07,4.613298416137695
12.27,3.670917510986328
9.01,14.080129623413086
13.73,0.8798332214355469
10.81,3.903390884399414
10.48,8.48388671875
10.61,4.162014007568359
10.24,3.2364883422851562
10.72,0.9917697906494141
11.23,4.099987030029297
12.46,1.5400314331054688
9.93,0.4300727844238281
10.97,5.352191925048828
11.83,3.822359085083008
12.11,6.421710968017578
10.57,1.516082763671875
12.07,0.5367374420166016
11.95,5.076572418212891
9.25,2.72161865234375
10.66,0.7320022583007812
8.79,5.991630554199219
11.49,12.83721923828125
10.4,25.256616592407227
11.1,8.164558410644531
14.95,8.870681762695312
10.47,6.219779968261719
13.5,6.637702941894531
14.58,11.724552154541016
10.11,3.4190406799316406
10.53,0.9223976135253906
0.5,5.545573711395264
10.78,7.397260665893555
7.62,0.08731269836425781
11.47,1.9739437103271484
12.27,1.2284622192382812
11.07,1.2861824035644531
10.42,0.7245750427246094
11.52,0.1700725555419922
13.5,0.9401206970214844
10.54,4.663112640380859
9.12,3.5179576873779297
11.66,5.025703430175781
10.96,3.473592758178711
10.43,1.504608154296875
11.6,1.4083137512207031
8.28,7.05201530456543
8.86,3.3150901794433594
8.73,0.7607269287109375
10.56,3.0949974060058594
10.85,4.5618438720703125
11.29,6.046642303466797
8.84,4.100254058837891
11.46,1.0663909912109375
14.54,14.75998306274414
10.44,0.9112129211425781
10.95,8.066495895385742
11.51,1.3477325439453125
10.78,8.297847747802734
11.41,2.9892959594726562
12.93,11.883731842041016
9.85,5.966470718383789
12.05,0.44917869567871094
8.05,4.839231491088867
11.55,0.13969802856445312
11.82,5.690797805786133
11.47,2.2381153106689453
10.71,1.1592864990234375
9.72,2.6164398193359375
7.07,4.197052955627441
14.41,8.23062515258789
12.58,1.0732994079589844
9.5,9.892925262451172
9.88,4.133266448974609
10.68,0.11146926879882812
13.84,0.6309852600097656
10.7,7.450679779052734
7.31,3.8064956665039062
10.43,2.0317459106445312
11.6,0.889678955078125
10.61,1.1530704498291016
14.33,3.2208900451660156
12.0,5.175559997558594
8.99,3.2743377685546875
11.0,2.6814193725585938
11.47,12.939611434936523
11.44,3.660022735595703
8.62,5.603445053100586
10.17,7.6328887939453125
11.64,4.736528396606445
11.98,4.974000930786133
10.0,2.0374698638916016
12.83,2.099092483520508
13.78,1.2476234436035156
9.85,0.1618366241455078
14.75,6.867364883422852
10.54,1.591684341430664
12.79,4.90765380859375
13.01,10.269704818725586
11.38,4.514194488525391
10.45,10.239143371582031
10.92,7.198356628417969
11.38,2.911609649658203
7.93,2.1319313049316406
10.38,0.4600563049316406
12.5,9.20840835571289
10.89,1.3699989318847656
10.84,0.2998828887939453
11.21,1.7715568542480469
10.95,2.779438018798828
9.46,5.447072982788086
10.15,2.572206497192383
10.8,0.7901840209960938
10.46,7.117864608764648
11.1,0.3842010498046875
10.14,0.2250823974609375
15.16,2.2539138793945312
10.53,2.852649688720703
7.96,1.0508079528808594
11.81,4.483589172363281
10.03,4.960723876953125
11.41,6.142547607421875
11.4,13.133182525634766
11.58,4.288806915283203
1.25,1.5917587280273438
7.28,5.0690202713012695
10.36,2.6177635192871094
12.09,5.333871841430664
10.5,3.7382583618164062
8.67,8.496665954589844
9.92,0.14019012451171875
7.91,0.6153774261474609
9.54,18.592037200927734
9.91,8.291694641113281
10.34,2.109729766845703
9.08,9.022283554077148
10.02,0.3369178771972656
11.46,1.6936798095703125
10.96,0.017383575439453125
7.97,2.035175323486328
10.78,0.7025222778320312
10.39,2.1252193450927734
10.58,7.945211410522461
10.87,11.176549911499023
11.21,1.4922618865966797
10.4,2.319377899169922
12.35,3.749683380126953
8.6,6.062175750732422
10.25,1.7478408813476562
12.09,7.064355850219727
11.67,7.8657073974609375
10.64,3.5008602142333984
10.58,2.409099578857422
4.13,1.935776948928833
10.32,5.756364822387695
10.33,11.073331832885742
10.41,3.5955352783203125
11.02,11.013008117675781
13.05,1.0609664916992188
10.57,1.5868072509765625
6.94,3.107950210571289
9.83,6.3631439208984375
13.59,2.5059852600097656
9.51,6.663787841796875
13.03,2.584817886352539
11.27,5.800331115722656
11.12,3.4324264526367188
9.59,6.393321990966797
11.53,1.0103626251220703
8.92,0.10279464721679688
10.97,7.40449333190918
6.26,6.555865287780762
9.84,4.076389312744141
11.85,3.5053634643554688
11.03,7.756685256958008
10.64,2.7362747192382812
11.58,5.200080871582031
13.36,5.017742156982422
6.68,1.0410947799682617
11.2,3.6329345703125
11.91,0.6615562438964844
8.49,2.7448863983154297
10.47,0.5830726623535156
13.47,6.069450378417969
10.08,4.575047492980957
11.08,6.677574157714844
9.01,6.798559188842773
9.91,14.934263229370117
11.94,0.7998790740966797
10.71,0.44452476501464844
11.17,1.256805419921875
11.45,1.1794776916503906
10.71,1.3120231628417969
9.73,1.0566539764404297
8.62,9.416311264038086
10.37,2.232074737548828
6.75,1.3325872421264648
13.68,0.3682594299316406
11.05,5.283428192138672
15.46,6.212360382080078
13.97,6.765644073486328
13.22,2.09588623046875
9.32,7.711055755615234
10.28,5.9734954833984375
14.52,0.7876510620117188
10.25,5.0952606201171875
11.0,6.654195785522461
10.6,0.6541748046875
14.3,3.311603546142578
6.33,5.977258682250977
10.89,5.035778045654297
9.72,8.135515213012695
11.6,1.1065387725830078
6.83,8.581486701965332
9.83,0.3033275604248047
12.23,6.266801834106445
10.57,6.642492294311523
10.84,10.639158248901367
10.14,6.744331359863281
10.02,2.137836456298828
11.12,3.069927215576172
11.66,3.4132022857666016
9.58,3.0272750854492188
7.79,2.131612777709961
10.81,7.040157318115234
12.73,5.730621337890625
1.63,4.138578414916992
11.37,1.3558330535888672
15.19,1.7236480712890625
1.48,5.976754188537598
11.51,0.6362266540527344
15.5,6.864906311035156
14.9,8.728458404541016
11.91,3.4910640716552734
11.1,4.958070755004883
1.58,4.4275970458984375
10.86,1.2741546630859375
11.61,3.379117965698242
10.18,5.852455139160156
10.15,10.121648788452148
9.61,8.51972770690918
10.96,0.5809669494628906
11.67,1.512960433959961
9.76,0.6292743682861328
12.36,6.881664276123047
10.83,5.430524826049805
10.29,4.996160507202148
10.92,2.7795162200927734
10.01,1.579000473022461
13.11,8.451095581054688
10.27,2.3122520446777344
6.95,4.337324142456055
9.48,1.0549507141113281
10.37,0.6496849060058594
6.98,4.694575786590576
10.4,1.0180702209472656
11.53,2.2826194763183594
10.69,5.566204071044922
6.42,2.172308921813965
14.33,3.6186084747314453
7.64,13.396888732910156
8.35,1.1095905303955078
0.59,2.6503360271453857
9.12,0.49395751953125
10.84,2.1061744689941406
9.99,1.4705238342285156
11.27,2.0395050048828125
12.25,0.5517807006835938
10.07,2.5521411895751953
11.01,6.510009765625
11.23,9.838834762573242
8.36,1.2090034484863281
10.7,6.731426239013672
11.56,13.115631103515625
11.05,7.009603500366211
10.16,3.1754302978515625
13.6,0.5976371765136719
9.79,4.422792434692383
10.77,2.2148971557617188
9.45,4.602794647216797
11.69,5.606910705566406
10.76,10.318195343017578
11.76,7.07562255859375
10.4,2.585573196411133
10.63,5.748590469360352
12.65,4.884067535400391
11.43,7.863334655761719
10.5,2.4854164123535156
11.86,2.1533126831054688
10.54,2.39117431640625
10.35,0.04731178283691406
11.17,1.0974349975585938
10.96,0.24000930786132812
10.65,0.9227333068847656
8.55,9.392267227172852
8.07,2.5024824142456055
10.06,2.6639156341552734
11.45,1.8754158020019531
6.92,3.5232038497924805
11.79,4.482805252075195
10.42,3.83013916015625
11.06,1.59954833984375
10.26,25.551050186157227
10.8,0.7993412017822266
10.51,10.418083190917969
13.75,7.429393768310547
11.39,2.0993194580078125
13.48,0.9299201965332031
9.82,0.8203334808349609
12.1,0.7303466796875
11.91,6.444177627563477
11.3,0.48070526123046875
8.18,5.5517730712890625
10.79,0.12223052978515625
0.94,4.347914695739746
10.23,3.4387435913085938
10.1,4.268774032592773
11.21,4.272104263305664
10.28,1.084207534790039
11.24,4.406099319458008
8.82,8.297727584838867
7.32,5.998073101043701
11.58,2.951662063598633
12.09,5.014678955078125
14.65,4.887914657592773
10.86,1.6644744873046875
12.2,3.9562339782714844
10.5,5.0194854736328125
11.74,1.7271690368652344
13.64,2.5278091430664062
11.29,4.421503067016602
3.12,4.891345024108887
10.6,3.523874282836914
11.29,1.0045814514160156
12.19,2.852519989013672
8.56,2.3524913787841797
10.39,3.5555381774902344
11.32,1.3143634796142578
10.63,5.137966156005859
10.33,1.4969253540039062
8.98,7.977968215942383
11.8,4.428413391113281
8.68,2.3889102935791016
10.49,6.224811553955078
12.43,6.645530700683594
10.59,2.5890769958496094
10.73,8.870190620422363
6.21,0.30585193634033203
0.59,4.883355140686035
11.25,3.1285037994384766
10.58,3.4342308044433594
8.14,2.5289363861083984
10.51,4.122888565063477
11.9,3.1907958984375
7.28,5.752652645111084
11.44,2.816211700439453
11.7,27.46173095703125
8.43,6.822153091430664
11.47,1.0916213989257812
10.52,0.533050537109375
10.21,5.927755355834961
11.5,0.13556671142578125
11.0,0.8905963897705078
11.45,2.553211212158203
8.86,7.1088409423828125
11.03,4.356515884399414
7.33,3.9960403442382812
8.75,0.23834800720214844
10.04,0.6096687316894531
11.7,16.296340942382812
12.03,5.636175155639648
9.18,9.579532623291016
10.22,1.4479637145996094
8.62,12.984952926635742
10.49,2.8057680130004883
11.57,1.805013656616211
11.07,2.6760082244873047
13.73,1.8035430908203125
9.97,6.87620735168457
10.14,0.5953292846679688
12.93,0.7828598022460938
11.01,2.0700626373291016
11.3,1.6355209350585938
10.76,1.4644737243652344
11.87,14.629785537719727
10.57,2.6858062744140625
10.83,6.21617317199707
10.43,2.475605010986328
10.84,3.130727767944336
10.44,9.088623046875
13.88,0.028614044189453125
10.99,3.3063278198242188
7.32,2.637786865234375
10.27,2.7962570190429688
7.99,2.324960708618164
10.47,0.4256439208984375
13.18,6.104400634765625
12.02,4.8880767822265625
10.29,6.852334976196289
6.43,0.6055006980895996
11.23,2.166196823120117
8.69,10.428138732910156
9.88,2.587125778198242
9.66,0.10113525390625
11.56,14.323604583740234
9.68,2.6290645599365234
9.46,5.018377304077148
11.73,6.774314880371094
11.72,15.065767288208008
15.08,0.3893470764160156
11.94,0.1267681121826172
14.56,0.15059280395507812
10.71,7.929683685302734
10.59,4.227993011474609
8.33,2.5179786682128906
11.1,0.8126754760742188
11.85,1.5957412719726562
10.99,1.9578914642333984
11.36,0.9332866668701172
10.29,4.335302352905273
8.39,2.8876800537109375
11.76,4.277139663696289
14.13,3.449007034301758
8.8,3.6691341400146484
10.5,3.4009361267089844
10.74,0.03484344482421875
10.63,4.12297248840332
11.12,4.361513137817383
9.9,0.6504287719726562
12.0,1.7959480285644531
10.96,0.9126319885253906
6.92,4.3906755447387695
9.93,1.382436752319336
10.25,0.8290481567382812
11.19,1.3990898132324219
10.27,3.8882102966308594
8.19,5.001493453979492
10.86,0.32260894775390625
8.26,1.9906072616577148
11.28,8.960136413574219
10.55,1.7388801574707031
10.9,5.303050994873047
10.66,1.8704376220703125
14.01,8.113130569458008
6.84,6.032237529754639
10.69,2.4215641021728516
11.65,4.751708984375
11.58,0.8507919311523438
12.03,0.20856285095214844
11.53,5.545293807983398
6.62,0.6271429061889648
11.5,4.5191192626953125
15.34,20.745018005371094
10.5,4.122093200683594
10.78,1.3108596801757812
13.8,5.64271354675293
8.49,9.242259979248047
10.95,8.496030807495117
10.84,0.7958698272705078
10.39,1.8747920989990234
10.65,0.7447662353515625
10.82,1.186798095703125
10.32,4.547389984130859
11.36,1.0130500793457031
11.14,0.8251686096191406
11.6,1.4448051452636719
11.97,3.115102767944336
10.24,4.884660720825195
10.25,4.183347702026367
11.63,3.788360595703125
11.42,4.858301162719727
6.13,8.282809257507324
10.88,0.5149345397949219
7.4,4.293701171875
3.03,7.418064117431641
10.68,0.939361572265625
9.17,0.9609050750732422
11.17,6.245216369628906
11.71,8.145538330078125
14.46,2.4557113647460938
9.4,6.947561264038086
13.19,0.25017547607421875
11.12,19.647262573242188
6.7,3.3878002166748047
11.73,5.245704650878906
11.6,5.052362442016602
11.84,3.5704517364501953
10.64,4.976749420166016
10.14,2.081073760986328
0.55,4.756746768951416
10.49,0.8830547332763672
10.42,4.320545196533203
9.34,1.2021064758300781
14.75,0.5020904541015625
10.5,1.0909004211425781
10.04,1.9774837493896484
9.87,2.898893356323242
11.21,1.0446929931640625
14.29,6.678981781005859
10.09,2.754819869995117
10.14,3.4369888305664062
11.6,3.8129100799560547
11.97,2.844484329223633
11.65,1.6849517822265625
7.85,8.865089416503906
11.52,6.57049560546875
12.09,3.9193038940429688
9.57,3.9631290435791016
13.63,9.205524444580078
6.98,3.061833381652832
12.59,12.297882080078125
10.81,5.77961540222168
10.45,2.1550559997558594
11.74,4.9542236328125
12.89,4.310148239135742
10.4,1.5804061889648438
10.18,7.721332550048828
10.4,0.5476036071777344
10.26,7.186336517333984
12.0,6.173582077026367
10.04,1.0082359313964844
12.01,3.8236637115478516
10.17,10.050052642822266
11.43,2.8092994689941406
9.93,3.1226348876953125
7.23,0.49437904357910156
9.94,3.9076194763183594
8.27,0.41312408447265625
14.56,1.4378204345703125
11.67,5.58900260925293
8.69,2.483499526977539
10.79,1.4984130859375
11.08,16.26628875732422
9.55,0.8427639007568359
14.43,0.2690773010253906
10.4,1.2073745727539062
13.02,3.3789443969726562
11.06,0.35929298400878906
12.43,4.934238433837891
11.05,0.7365913391113281
11.06,3.983898162841797
11.35,0.80224609375
10.35,0.4315223693847656
11.63,0.21001052856445312
8.88,6.176668167114258
10.6,12.698217391967773
14.87,11.74317741394043
10.49,0.23104286193847656
11.03,0.1770172119140625
12.86,5.745002746582031
11.7,3.0795516967773438
8.68,10.476253509521484
8.28,2.102267265319824
10.11,1.9811058044433594
10.35,2.5884571075439453
8.69,5.210182189941406
11.24,0.2693157196044922
10.49,10.013652801513672
4.03,2.8321714401245117
11.09,8.507556915283203
11.46,2.483367919921875
10.69,18.61699867248535
6.61,2.800490379333496
10.67,0.5166206359863281
13.69,0.9453582763671875
10.35,12.891523361206055
8.03,1.9505538940429688
8.7,6.653608322143555
6.84,2.283916473388672
12.25,2.2373180389404297
10.91,0.7722759246826172
13.85,6.614336013793945
11.18,17.791120529174805
11.51,3.0393753051757812
8.09,7.03277587890625
10.55,2.122516632080078
9.66,7.737310409545898
11.19,1.7386207580566406
11.26,16.9666748046875
7.23,5.1522064208984375
12.52,0.8974952697753906
11.85,1.2836170196533203
14.58,6.528144836425781
11.94,0.5105400085449219
13.1,3.278524398803711
13.06,3.6005477905273438
10.59,6.219831466674805
10.31,2.9862327575683594
10.88,1.199249267578125
12.11,4.500265121459961
6.64,3.0094261169433594
10.15,24.701547622680664
14.45,1.2941131591796875
12.94,0.41892242431640625
13.01,1.5180606842041016
8.83,0.7935295104980469
0.63,4.220742225646973
11.62,0.9746646881103516
10.19,1.3278369903564453
12.7,3.2591114044189453
10.59,3.0192413330078125
8.24,3.505859375
9.73,3.722606658935547
10.77,4.195808410644531
11.17,0.7543487548828125
12.12,4.396139144897461
10.37,1.3837404251098633
13.01,2.9234542846679688
9.99,1.5689258575439453
10.36,4.918054580688477
10.15,1.9952659606933594
8.96,10.635530471801758
14.57,9.516719818115234
9.88,2.480091094970703
10.7,2.822467803955078
8.77,2.3766860961914062
11.09,2.9067211151123047
6.24,1.650007724761963
12.33,3.996908187866211
11.85,2.9141387939453125
11.41,4.652091979980469
7.0,3.2842445373535156
9.94,2.6201114654541016
13.91,22.947467803955078
11.02,0.7614669799804688
11.55,2.600095748901367
11.55,5.579402923583984
10.49,2.601388931274414
11.89,2.997058868408203
10.23,2.335102081298828
10.88,1.5094223022460938
11.04,0.10516357421875
10.47,0.18680953979492188
10.24,5.391363143920898
7.21,2.8994150161743164
11.54,0.9992523193359375
10.97,0.081329345703125
6.65,4.566220283508301
10.78,0.7430801391601562
11.01,17.13815689086914
11.74,3.242940902709961
11.51,18.177078247070312
11.49,2.43975830078125
10.43,11.5225830078125
9.78,0.07693672180175781
9.73,1.6171035766601562
10.3,4.901344299316406
14.1,6.412990570068359
7.86,1.085428237915039
10.96,7.286054611206055
14.25,5.333906173706055
10.62,0.9898910522460938
11.24,3.3388729095458984
7.09,2.3824682235717773
11.87,5.318639755249023
10.99,7.641706466674805
0.58,2.5297794342041016
9.35,2.078092575073242
14.0,1.9728965759277344
10.38,0.49700927734375
10.48,0.589874267578125
12.24,2.5040817260742188
11.63,1.187307357788086
11.39,2.158966064453125
12.02,3.635833740234375
9.58,3.498628616333008
10.69,3.1650524139404297
10.39,2.884026527404785
11.55,5.492149353027344
7.2,5.598186016082764
4.76,9.254595756530762
9.85,3.9629249572753906
10.17,1.0377445220947266
7.26,4.147334098815918
11.31,2.489145278930664
11.64,2.4887733459472656
11.42,2.76898193359375
11.38,1.4086456298828125
6.45,0.4942131042480469
10.87,2.625387191772461
11.24,3.1210155487060547
10.41,8.042669296264648
10.38,3.6697463989257812
8.83,8.289592742919922
10.57,1.3316764831542969
14.12,6.515068054199219
8.41,3.5870742797851562
11.57,4.304082870483398
10.39,0.9427299499511719
10.51,0.9355030059814453
10.51,5.22364616394043
0.62,4.39808464050293
11.33,4.992605209350586
11.13,2.6547584533691406
11.67,6.323484420776367
11.0,0.9419708251953125
10.26,0.20531272888183594
13.93,0.0110931396484375
10.61,8.159934997558594
6.5,1.1656970977783203
11.48,6.432064056396484
9.49,2.3243350982666016
11.11,3.086719512939453
10.66,0.9909038543701172
7.35,4.386893272399902
13.61,0.027400970458984375
10.48,6.854900360107422
13.98,5.561185836791992
12.16,1.2938690185546875
8.67,1.1279563903808594
13.96,2.7092037200927734
10.53,1.7443695068359375
9.31,6.5546722412109375
14.92,5.905448913574219
15.19,8.931127548217773
11.96,5.974391937255859
13.29,8.720466613769531
9.77,2.173696517944336
11.11,1.502248764038086
11.21,1.1110305786132812
11.7,1.8367176055908203
8.56,4.741180419921875
8.9,0.44082069396972656
10.04,10.574470520019531
13.36,1.9636917114257812
11.31,1.4745159149169922
11.52,3.1453685760498047
8.29,5.613248825073242
11.6,1.0108222961425781
11.35,1.7644271850585938
10.4,2.425539016723633
11.72,13.147762298583984
11.08,2.560321807861328
12.99,3.5347118377685547
10.57,7.372385025024414
10.42,5.556596755981445
10.72,1.6897430419921875
11.91,3.8955726623535156
10.15,6.450906753540039
11.33,2.759309768676758
14.65,11.274406433105469
6.35,0.028478622436523438
10.78,9.926279067993164
11.81,1.9494686126708984
9.96,0.8320255279541016
11.61,8.891559600830078
10.56,7.978481292724609
8.67,0.3287506103515625
10.6,1.1858234405517578
11.11,5.672548294067383
12.78,8.087753295898438
10.13,2.5806446075439453
8.39,6.061521530151367
11.19,0.4662208557128906
10.27,5.875144958496094
9.32,8.05963134765625
10.8,13.78757095336914
10.59,19.459667205810547
6.78,2.0193734169006348
11.41,4.103178024291992
9.13,0.8469161987304688
10.24,4.7160797119140625
8.25,4.604575157165527
9.91,3.7619152069091797
10.41,3.0943126678466797
10.68,7.77098274230957
12.17,7.78898811340332
10.51,7.536760330200195
13.29,0.00885772705078125
12.01,2.5503616333007812
10.74,0.3804931640625
8.82,8.241374969482422
11.83,0.3278369903564453
8.53,5.676244735717773
10.49,2.1374950408935547
13.44,10.911327362060547
15.08,0.7310066223144531
12.47,3.2250804901123047
10.45,7.189188003540039
7.36,5.947856903076172
11.51,1.55572509765625
10.06,2.6089344024658203
14.06,0.7554893493652344
14.72,6.862981796264648
11.67,4.692562103271484
10.55,1.2014961242675781
10.4,3.9110851287841797
9.87,8.959890365600586
10.24,4.033687591552734
9.64,0.30379295349121094
11.96,0.13074874877929688
9.18,5.787509918212891
11.68,0.0487518310546875
9.83,2.393993377685547
13.87,0.7513351440429688
12.32,3.16204833984375
10.12,1.733785629272461
7.23,5.365596294403076
9.82,3.1165695190429688
10.44,3.3038101196289062
4.17,1.676661491394043
10.14,3.929656982421875
8.89,6.377693176269531
10.46,4.920597076416016
9.7,0.010465621948242188
6.16,0.1271224021911621
13.3,1.5411148071289062
9.67,0.5050449371337891
11.53,16.19708251953125
11.77,4.833028793334961
11.14,0.7162132263183594
10.91,1.4312324523925781
9.93,2.264486312866211
11.47,4.063457489013672
14.01,6.103515625e-05
12.48,0.7145957946777344
10.1,13.50429916381836
10.02,3.588224411010742
10.55,7.322364807128906
1.58,3.2175228595733643
10.87,2.3219223022460938
11.63,2.9563732147216797
11.07,1.6991939544677734
11.41,3.345857620239258
10.65,14.431255340576172
12.91,2.557598114013672
11.53,1.8804473876953125
10.68,3.397481918334961
13.22,8.419048309326172
10.76,3.7960987091064453
10.5,2.104146957397461
9.36,6.915679931640625
10.53,6.379266738891602
11.73,2.3413543701171875
14.43,2.905782699584961
9.69,6.814451217651367
8.33,0.47794151306152344
10.19,6.270761489868164
10.54,22.16757583618164
7.26,0.5152301788330078
10.38,2.7193527221679688
6.71,3.9363536834716797
6.21,5.301189422607422
15.05,11.6014404296875
11.83,3.3215065002441406
11.69,2.5951881408691406
7.49,2.0869922637939453
10.74,3.509735107421875
14.59,5.90211296081543
14.84,2.875537872314453
10.83,1.4568805694580078
7.36,5.74246072769165
10.34,2.711660385131836
9.93,6.51629638671875
10.58,3.8285255432128906
11.22,8.1287841796875
9.95,0.8715381622314453
9.99,2.5926284790039062
10.59,2.0464229583740234
10.94,0.8388252258300781
8.03,2.3891735076904297
9.05,15.231525421142578
12.85,5.240135192871094
9.47,6.296720504760742
11.52,2.764402389526367
11.75,1.4852104187011719
9.76,1.1276397705078125
11.77,0.46218109130859375
11.45,7.420505523681641
14.19,1.6152153015136719
6.68,2.4042272567749023
13.75,0.3259735107421875
7.05,3.5492706298828125
11.79,1.625680923461914
10.94,0.09136199951171875
6.87,1.4869298934936523
10.48,10.84431266784668
10.35,10.632223129272461
11.17,11.080537796020508
6.26,0.3326411247253418
8.88,4.7726664543151855
11.28,5.875354766845703
12.73,2.2883071899414062
10.05,4.873424530029297
14.63,12.907472610473633
10.32,10.479190826416016
11.29,2.7681331634521484
10.65,0.20465469360351562
8.67,4.386613845825195
12.5,1.7138862609863281
10.26,2.453767776489258
10.84,0.49965476989746094
10.79,6.14637565612793
10.69,1.6595077514648438
9.05,6.971683502197266
10.81,7.430950164794922
10.5,5.420782089233398
11.78,19.186479568481445
9.63,3.175840377807617
10.81,3.9638099670410156
8.45,11.111333847045898
6.81,3.7232484817504883
8.93,9.725048065185547
10.63,7.1503448486328125
8.68,5.037046432495117
15.22,2.3134422302246094
10.23,1.3534927368164062
9.98,4.20379638671875
11.26,1.8178424835205078
10.74,3.585935592651367
11.32,8.400327682495117
11.52,0.8397769927978516
10.53,8.552759170532227
10.3,3.603778839111328
9.45,1.8379173278808594
6.87,3.135955810546875
11.65,1.2623271942138672
11.06,6.385051727294922
9.52,6.703701019287109
9.8,8.6484375
11.98,6.592754364013672
11.38,1.6786727905273438
10.72,2.2469635009765625
11.25,1.3576927185058594
11.43,1.1817054748535156
13.94,1.688385009765625
12.24,6.534122467041016
9.98,2.9967594146728516
10.84,0.8884773254394531
1.47,5.019824028015137
9.24,0.28396034240722656
11.18,1.5776042938232422
10.64,4.214162826538086
10.55,20.8168888092041
13.62,1.5449981689453125
11.3,9.264533996582031
10.63,23.4957332611084
8.46,11.651524543762207
8.88,5.063386917114258
10.8,19.118305206298828
11.72,5.033319473266602
10.65,2.6398277282714844
10.43,1.0069732666015625
11.12,15.230785369873047
15.39,1.1045455932617188
10.6,4.118007659912109
11.55,2.8807945251464844
10.75,0.4597320556640625
10.5,2.416179656982422
14.66,7.522308349609375
12.22,1.4577407836914062
12.81,8.421375274658203
11.0,2.0744171142578125
10.67,3.770357131958008
9.74,0.39403724670410156
9.13,0.30271148681640625
9.94,4.32298469543457
11.31,2.4165077209472656
10.31,5.391183853149414
11.48,5.81402587890625
10.09,2.6225852966308594
10.45,0.3117494583129883
8.85,24.086410522460938
10.26,0.3942070007324219
10.52,2.0359840393066406
13.71,1.7814292907714844
12.92,0.7716140747070312
10.79,13.267553329467773
12.07,5.836835861206055
10.71,3.4702205657958984
10.47,0.3521404266357422
11.15,2.002887725830078
14.1,1.8905220031738281
5.96,7.460880279541016
9.93,2.0731048583984375
10.17,3.566091537475586
10.4,4.171808242797852
12.05,5.184474945068359
15.33,11.415437698364258
13.58,1.0004196166992188
10.65,5.261142730712891
11.06,0.33689117431640625
10.85,6.685647964477539
6.06,5.636415481567383
11.7,12.447225570678711
11.48,4.131599426269531
10.9,5.748935699462891
9.38,0.6090545654296875
14.25,3.525094985961914
13.89,4.147409439086914
9.24,5.866540908813477
11.33,3.5619449615478516
10.08,3.332019805908203
10.81,7.36524772644043
11.13,6.131093978881836
11.05,0.1194610595703125
11.48,1.0237960815429688
12.15,3.4151439666748047
11.9,0.5692234039306641
10.68,9.992851257324219
11.94,6.346920013427734
10.2,1.7856426239013672
11.21,3.5529956817626953
11.23,1.080820083618164
11.91,5.086761474609375
11.19,0.8323173522949219
11.51,2.3430519104003906
9.36,1.9993972778320312
10.31,3.965940475463867
8.48,0.42572784423828125
7.07,3.523094654083252
9.16,10.034271240234375
9.4,9.209760665893555
11.88,1.6964454650878906
11.44,1.5735244750976562
11.17,0.4595603942871094
10.55,0.7239418029785156
11.45,2.733196258544922
12.15,0.5617961883544922
10.74,4.658449172973633
10.97,1.8964614868164062
9.7,4.460987091064453
10.72,2.0050392150878906
10.99,1.0656490325927734
11.66,5.269813537597656
8.1,0.7432270050048828
11.11,1.524322509765625
10.52,3.3244247436523438
8.11,8.057616233825684
10.78,7.190118789672852
13.59,4.451690673828125
11.75,6.0751800537109375
10.56,12.522392272949219
10.49,3.701854705810547
10.1,1.5046939849853516
13.89,2.350597381591797
11.52,2.199054718017578
9.8,4.188587188720703
11.35,1.8113040924072266
10.35,9.000141143798828
11.52,3.253154754638672
10.84,6.0606842041015625
11.11,5.584938049316406
10.12,0.028699874877929688
10.28,6.195100784301758
7.78,1.6560344696044922
13.93,6.100658416748047
10.64,0.9994907379150391
10.59,3.5587615966796875
8.13,3.2454071044921875
11.71,4.071056365966797
10.38,1.9338188171386719
6.98,6.827298641204834
8.21,7.0953826904296875
11.75,15.491842269897461
6.49,8.400749206542969
10.51,3.196552276611328
11.2,1.6931419372558594
12.05,3.0850448608398438
7.99,6.748233795166016
6.98,3.038410186767578
6.37,1.884188175201416
10.28,2.5051307678222656
12.24,3.9501113891601562
0.99,1.6038703918457031
10.1,0.4513530731201172
8.86,11.54990005493164
10.75,5.368370056152344
11.07,2.4757118225097656
14.72,9.21573257446289
10.41,3.7276382446289062
12.01,1.1427116394042969
8.08,1.3748779296875
11.52,4.346942901611328
11.26,2.081623077392578
9.89,0.5398349761962891
11.62,2.7550086975097656
8.65,6.47083854675293
11.11,1.5566368103027344
13.28,4.733549118041992
0.65,4.37388801574707
10.02,1.9682369232177734
11.72,0.2413787841796875
11.4,2.2152576446533203
6.44,0.02068185806274414
10.4,3.362588882446289
10.7,3.9704036712646484
8.97,0.039630889892578125
7.98,1.4518632888793945
11.68,4.360719680786133
11.81,0.6567802429199219
11.39,3.815143585205078
10.96,0.12982559204101562
11.08,0.3177909851074219
10.84,0.155242919921875
11.47,2.44775390625
10.3,1.7980632781982422
10.5,0.4942893981933594
11.67,6.189702987670898
10.14,3.702760696411133
11.8,0.20990562438964844
7.19,4.69816780090332
10.24,0.4922637939453125
10.14,2.4765491485595703
12.55,4.5597686767578125
9.67,6.492006301879883
11.65,5.263248443603516
10.64,4.433509826660156
10.09,4.36536979675293
8.06,1.2841758728027344
10.69,1.2483596801757812
10.63,6.989957809448242
9.85,0.7756919860839844
10.9,2.2639389038085938
9.68,9.135765075683594
6.79,1.4851927757263184
11.02,20.75196075439453
11.84,1.1679649353027344
0.56,2.245831251144409
9.11,4.221956253051758
10.4,0.6739091873168945
11.46,4.427059173583984
11.22,1.501373291015625
10.22,0.30164527893066406
11.58,1.1972122192382812
10.92,3.338502883911133
10.25,0.6671295166015625
9.5,2.773487091064453
0.55,2.8996338844299316
14.03,7.206321716308594
6.85,3.8572397232055664
9.85,8.34423828125
14.12,10.413288116455078
10.37,2.3512306213378906
10.37,4.250980377197266
10.74,3.998971939086914
10.07,3.8804054260253906
14.59,7.539604187011719
7.0,4.927346706390381
14.55,0.7771072387695312
11.52,2.6678924560546875
13.72,2.280261993408203
11.86,2.178485870361328
11.86,3.9265403747558594
13.4,5.197120666503906
8.4,3.08392333984375
11.93,15.356670379638672
9.96,0.23694229125976562
11.43,1.3918094635009766
13.71,1.0189170837402344
11.54,0.4798107147216797
10.67,0.234527587890625
11.99,4.316741943359375
9.93,4.375040054321289
10.24,3.5305252075195312
12.91,5.981719970703125
10.83,1.8154830932617188
11.16,4.220712661743164
10.6,3.6161537170410156
10.66,5.974720001220703
8.36,1.9820680618286133
10.81,3.7094879150390625
11.54,3.925579071044922
12.24,2.259380340576172
9.73,8.510339736938477
9.61,2.630847930908203
9.95,1.5252599716186523
9.82,2.956594467163086
11.23,1.6286754608154297
9.82,0.6164875030517578
6.44,2.581705093383789
11.85,5.7479248046875
11.27,2.5630550384521484
11.89,4.411237716674805
11.62,3.497100830078125
14.04,7.351736068725586
6.55,1.0857791900634766
8.54,7.070455551147461
9.68,4.475374221801758
11.84,3.0413436889648438
10.85,1.807647705078125
8.97,6.627410888671875
10.79,2.10736083984375
11.73,11.851415634155273
11.36,2.810892105102539
11.03,9.391864776611328
10.85,0.8378276824951172
11.9,3.3354644775390625
9.09,1.9610481262207031
10.86,7.214179992675781
12.87,2.3758087158203125
10.39,0.9726467132568359
10.65,3.13604736328125
10.82,10.175470352172852
11.07,3.018463134765625
10.32,0.06020927429199219
11.4,18.415843963623047
15.38,7.358951568603516
10.31,3.777851104736328
10.78,8.229503631591797
9.71,3.345571517944336
8.27,3.9599037170410156
9.88,4.016481399536133
9.48,3.9790821075439453
11.95,5.527288436889648
10.61,4.496503829956055
10.34,8.490299224853516
8.94,6.644969940185547
8.24,3.178208351135254
0.62,4.428831100463867
0.83,2.224468231201172
10.41,6.163297653198242
11.93,1.8773555755615234
9.7,1.9322090148925781
11.16,6.858823776245117
10.18,1.1056861877441406
10.34,1.193582534790039
9.7,2.303110122680664
6.96,7.645148754119873
9.12,2.4082489013671875
9.58,6.715923309326172
10.64,1.126241683959961
10.26,3.1595897674560547
10.71,4.640993118286133
10.69,0.2065563201904297
11.21,5.9012908935546875
10.32,0.3991050720214844
9.59,3.2632598876953125
10.85,1.2964324951171875
9.95,10.476957321166992
7.18,4.804093360900879
13.26,0.4098167419433594
8.03,2.188985824584961
11.33,2.550973892211914
10.45,4.354866981506348
12.31,2.176715850830078
10.7,0.9562187194824219
11.43,1.6273117065429688
9.54,9.085212707519531
10.28,1.3081092834472656
14.39,1.0313873291015625
14.61,11.572776794433594
11.83,3.8165016174316406
11.58,3.8564319610595703
10.53,1.9424972534179688
10.82,4.001178741455078
10.6,1.0307083129882812
10.71,4.340648651123047
11.82,0.7766799926757812
11.13,0.16167449951171875
10.65,3.8439865112304688
6.91,4.597254753112793
8.26,4.330230712890625
12.35,2.8376235961914062
13.95,3.245849609375
10.34,2.340524673461914
13.13,3.6429977416992188
10.64,1.7959747314453125
9.93,4.297782897949219
10.47,1.2835464477539062
11.25,13.320022583007812
11.98,4.059959411621094
7.13,2.7323923110961914
10.14,2.8850345611572266
10.79,1.5288238525390625
11.32,16.68597412109375
10.43,10.301704406738281
11.77,3.409791946411133
11.52,5.550102233886719
10.3,4.499488830566406
10.51,10.68065071105957
10.44,2.701742172241211
11.81,2.463949203491211
9.81,4.01399040222168
10.57,0.7529506683349609
10.8,3.7224559783935547
12.38,1.9179573059082031
10.29,7.3407135009765625
10.96,22.769350051879883
9.26,6.182321548461914
11.5,5.319395065307617
10.7,7.389608383178711
12.1,4.685909271240234
10.4,9.201034545898438
10.04,4.022483825683594
9.65,4.122743606567383
8.29,4.3775634765625
9.67,17.958423614501953
10.49,14.704130172729492
11.99,3.1900978088378906
11.96,16.390867233276367
10.86,0.2774620056152344
9.95,1.189697265625
11.62,2.786134719848633
11.61,6.694728851318359
12.66,12.113330841064453
9.43,7.829349517822266
12.98,0.21352005004882812
11.13,8.412574768066406
10.29,3.1348934173583984
9.83,2.4475345611572266
10.2,0.4466056823730469
11.24,3.927417755126953
11.67,9.601585388183594
11.07,3.8895645141601562
11.52,8.06890869140625
11.03,0.6020050048828125
10.59,1.3815670013427734
9.16,7.472612380981445
8.49,8.716865539550781
10.0,0.578826904296875
10.65,4.467926025390625
8.09,8.024993896484375
8.13,0.4967489242553711
15.0,7.211236953735352
10.84,0.2952117919921875
11.12,1.0662689208984375
8.62,2.735736846923828
11.79,2.6654281616210938
8.1,7.723541259765625
6.99,1.981508731842041
14.31,5.168529510498047
12.49,2.650585174560547
10.44,0.018255233764648438
7.1,3.738863945007324
10.26,0.07826805114746094
10.22,3.7982025146484375
9.52,7.876871109008789
10.06,0.5382804870605469
8.71,11.475786209106445
11.03,1.4148216247558594
13.89,1.6833076477050781
14.95,9.873117446899414
6.71,2.574613571166992
15.1,11.099969863891602
15.1,7.187562942504883
8.1,1.3767261505126953
11.74,7.354372024536133
13.48,2.5728282928466797
10.51,0.45232391357421875
11.79,1.4681549072265625
11.65,1.8484611511230469
13.75,1.6159591674804688
10.33,3.653423309326172
12.04,6.73992919921875
14.74,8.725126266479492
10.23,13.687810897827148
12.01,4.29638671875
10.4,4.289104461669922
10.85,9.754486083984375
11.82,1.4499149322509766
11.86,0.6257991790771484
11.89,0.028656005859375
10.03,0.7230873107910156
6.85,1.745560646057129
7.53,0.7960319519042969
10.13,1.5416221618652344
10.5,1.813913345336914
9.69,3.7201995849609375
